%time,field.linear.x,field.linear.y,field.linear.z,field.angular.x,field.angular.y,field.angular.z
531200000000,-1.49011611938e-08,0.0,0.0,0.0,0.0,0.462962985039
531300000000,0.249997124076,0.0,0.0,0.0,0.0,0.462957650423
531400000000,0.249997138977,0.0,0.0,0.0,0.0,0.925920665264
531500000000,0.499973207712,0.0,0.0,0.0,0.0,0.925964891911
531600000000,0.663537681103,0.0,0.0,0.0,0.0,0.765899062157
531700000000,0.676502883434,0.0,0.0,0.0,0.0,1.2048522234
531800000000,0.676502883434,0.0,0.0,0.0,0.0,1.66781508923
531800000000,0.926502883434,0.0,0.0,0.0,0.0,1.66781508923
531900000000,1.12347328663,0.0,0.0,0.0,0.0,1.59913933277
532000000000,0.873473346233,0.0,0.0,0.0,0.0,1.59913933277
532100000000,1.09964048862,0.0,0.0,0.0,0.0,1.55667662621
532200000000,1.16199016571,0.0,0.0,0.0,0.0,1.21449553967
532300000000,0.966976284981,0.0,0.0,0.0,0.0,1.2618111372
532400000000,1.10856103897,0.0,0.0,0.0,0.0,1.46155619621
532500000000,1.04622399807,0.0,0.0,0.0,0.0,1.67501473427
532600000000,1.0374443531,0.0,0.0,0.0,0.0,1.42203783989
532700000000,1.16072142124,0.0,0.0,0.0,0.0,1.5517873764
532800000000,1.08192527294,0.0,0.0,0.0,0.0,1.64794576168
532900000000,1.02819907665,0.0,0.0,0.0,0.0,1.30387473106
533000000000,1.21724224091,0.0,0.0,0.0,0.0,1.19992542267
533100000000,1.40741729736,0.0,0.0,0.0,0.0,1.09727537632
533200000000,1.39033401012,0.0,0.0,0.0,0.0,1.12570905685
533300000000,1.35613143444,0.0,0.0,0.0,0.0,1.15272784233
533400000000,1.43333339691,0.0,0.0,0.0,0.0,1.00082111359
533500000000,1.48710417747,0.0,0.0,0.0,0.0,0.852552890778
533600000000,1.58268344402,0.0,0.0,0.0,0.0,0.712231397629
533700000000,1.63843631744,0.0,0.0,0.0,0.0,0.602079749107
533800000000,1.71495735645,0.0,0.0,0.0,0.0,0.502114534378
533900000000,1.6622222662,0.0,0.0,0.0,0.0,0.568273901939
534000000000,1.7914699316,0.0,0.0,0.0,0.0,0.386036753654
534100000000,1.79218935966,0.0,0.0,0.0,0.0,0.384473443031
534200000000,1.90226578712,0.0,0.0,0.0,0.0,0.127018809319
534300000000,1.96455192566,0.0,0.0,0.0,0.0,0.0050675868988
534400000000,1.97200107574,0.0,0.0,0.0,0.0,0.0206211805344
534500000000,1.97513985634,0.0,0.0,0.0,0.0,0.0185754299164
534600000000,1.98489618301,0.0,0.0,0.0,0.0,-0.0279321670532
534700000000,1.95015239716,0.0,0.0,0.0,0.0,0.0922883749008
534800000000,1.86557090282,0.0,0.0,0.0,0.0,-0.0776596069336
534900000000,1.99116873741,0.0,0.0,0.0,0.0,0.0163545608521
535000000000,1.99156880379,0.0,0.0,0.0,0.0,-0.00547826290131
535100000000,1.741568923,0.0,0.0,0.0,0.0,-0.00547826290131
535200000000,1.91576218605,0.0,0.0,0.0,0.0,0.134904503822
535300000000,1.81315755844,0.0,0.0,0.0,0.0,0.346004605293
535400000000,1.61040592194,0.0,0.0,0.0,0.0,0.258507609367
535500000000,1.86006891727,0.0,0.0,0.0,0.0,0.257884383202
535600000000,1.86006879807,0.0,0.0,0.0,0.0,-0.205078482628
535700000000,1.99948096275,0.0,0.0,0.0,0.0,-0.00096070766449
535800000000,2.0,0.0,0.0,0.0,0.0,0.0
535900000000,1.98736763,0.0,0.0,0.0,0.0,-0.0232180356979
536000000000,1.87231969833,0.0,0.0,0.0,0.0,0.226496934891
536100000000,1.7232067585,0.0,0.0,0.0,0.0,0.229083895683
536200000000,1.78776359558,0.0,0.0,0.0,0.0,-0.0820692777634
536300000000,1.78466272354,0.0,0.0,0.0,0.0,-0.397443652153
536400000000,1.89415514469,0.0,0.0,0.0,0.0,-0.195977449417
536500000000,1.77628850937,0.0,0.0,0.0,0.0,-0.399075031281
536600000000,1.78734350204,0.0,0.0,0.0,0.0,0.0110458135605
536700000000,1.67611002922,0.0,0.0,0.0,0.0,0.154825568199
536800000000,1.77120351791,0.0,0.0,0.0,0.0,0.423697710037
536900000000,1.71302509308,0.0,0.0,0.0,0.0,0.193442225456
537000000000,1.78564596176,0.0,0.0,0.0,0.0,0.377460718155
537100000000,1.79086589813,0.0,0.0,0.0,0.0,0.367529511452
537200000000,1.84549200535,0.0,0.0,0.0,0.0,0.0447025299072
537300000000,1.92726516724,0.0,0.0,0.0,0.0,0.00203776359558
537400000000,1.88783383369,0.0,0.0,0.0,0.0,-0.0727356672287
537500000000,1.84924483299,0.0,0.0,0.0,0.0,0.279125094414
537600000000,1.7066514492,0.0,0.0,0.0,0.0,0.370421767235
537700000000,1.8767721653,0.0,0.0,0.0,0.0,0.226598381996
537800000000,1.98464035988,0.0,0.0,0.0,0.0,0.0283704996109
537900000000,1.98054468632,0.0,0.0,0.0,0.0,0.0360279083252
538000000000,1.91800880432,0.0,0.0,0.0,0.0,-0.0155822038651
538100000000,1.98452091217,0.0,0.0,0.0,0.0,-0.0140588283539
538200000000,1.96152997017,0.0,0.0,0.0,0.0,0.0449434518814
538300000000,1.91714251041,0.0,0.0,0.0,0.0,-0.00341331958771
538400000000,1.98308467865,0.0,0.0,0.0,0.0,0.0295797586441
538500000000,1.99999976158,0.0,0.0,0.0,0.0,3.57627868652e-07
538600000000,1.99969005585,0.0,0.0,0.0,0.0,0.000566720962524
538700000000,1.92152965069,0.0,0.0,0.0,0.0,0.145298480988
538800000000,1.9334962368,0.0,0.0,0.0,0.0,-0.0892347097397
538900000000,1.94940972328,0.0,0.0,0.0,0.0,-0.0263428688049
539000000000,1.97799348831,0.0,0.0,0.0,0.0,0.0102506875992
539100000000,1.99740433693,0.0,0.0,0.0,0.0,0.00473439693451
539200000000,1.87484455109,0.0,0.0,0.0,0.0,-0.231266021729
539300000000,1.86899542809,0.0,0.0,0.0,0.0,0.209359645844
539400000000,1.96127974987,0.0,0.0,0.0,0.0,0.0202661752701
539500000000,1.86111176014,0.0,0.0,0.0,0.0,-0.257200479507
539500000000,1.86229205132,0.0,0.0,0.0,0.0,0.203550457954
539600000000,1.99446320534,0.0,0.0,0.0,0.0,-0.00534856319427
539700000000,1.86358237267,0.0,0.0,0.0,0.0,-0.225939393044
539800000000,1.95862674713,0.0,0.0,0.0,0.0,-0.0763354301453
539900000000,2.0,0.0,0.0,0.0,0.0,0.0
540000000000,1.93967533112,0.0,0.0,0.0,0.0,-0.00675225257874
540100000000,1.97375464439,0.0,0.0,0.0,0.0,0.0459469556808
540200000000,1.97086215019,0.0,0.0,0.0,0.0,0.0226451158524
540300000000,1.94827699661,0.0,0.0,0.0,0.0,-0.0886844396591
540400000000,1.80782389641,0.0,0.0,0.0,0.0,-0.245211958885
540500000000,1.96270465851,0.0,0.0,0.0,0.0,-0.069065451622
540600000000,1.97983765602,0.0,0.0,0.0,0.0,-0.0373007059097
540700000000,1.79790258408,0.0,0.0,0.0,0.0,-0.162144303322
540800000000,1.96816444397,0.0,0.0,0.0,0.0,-0.0384007692337
540900000000,1.92763590813,0.0,0.0,0.0,0.0,0.116359829903
541000000000,1.92052304745,0.0,0.0,0.0,0.0,0.0271178483963
541100000000,1.99180245399,0.0,0.0,0.0,0.0,-0.0124448537827
541200000000,1.95070624352,0.0,0.0,0.0,0.0,-0.0451241731644
541300000000,1.834836483,0.0,0.0,0.0,0.0,-0.237226724625
541400000000,1.88692474365,0.0,0.0,0.0,0.0,-0.185518741608
541500000000,1.8908290863,0.0,0.0,0.0,0.0,0.00054657459259
541600000000,1.95510959625,0.0,0.0,0.0,0.0,-0.0370191335678
541700000000,1.84255969524,0.0,0.0,0.0,0.0,-0.291556119919
541800000000,1.86502552032,0.0,0.0,0.0,0.0,0.128622531891
541900000000,1.97595739365,0.0,0.0,0.0,0.0,-0.0445232391357
542000000000,1.99450027943,0.0,0.0,0.0,0.0,0.0100229978561
542100000000,1.8749563694,0.0,0.0,0.0,0.0,-0.231562256813
542200000000,1.99993467331,0.0,0.0,0.0,0.0,-8.85725021362e-05
542300000000,1.74994087219,0.0,0.0,0.0,0.0,-8.13007354736e-05
542400000000,1.96144723892,0.0,0.0,0.0,0.0,0.0712032318115
542500000000,1.71860492229,0.0,0.0,0.0,0.0,0.0579606294632
542600000000,1.4693107605,0.0,0.0,0.0,0.0,0.0577903985977
542700000000,1.4991300106,0.0,0.0,0.0,0.0,-0.100577831268
542800000000,1.56392776966,0.0,0.0,0.0,0.0,0.16822040081
542900000000,1.55391061306,0.0,0.0,0.0,0.0,0.239476680756
543000000000,1.74280524254,0.0,0.0,0.0,0.0,0.30350124836
543100000000,1.90404069424,0.0,0.0,0.0,0.0,0.17770254612
543200000000,1.81586503983,0.0,0.0,0.0,0.0,0.272323012352
543300000000,1.81586503983,0.0,0.0,0.0,0.0,-0.190639853477
543400000000,1.80511379242,0.0,0.0,0.0,0.0,0.252408385277
543500000000,1.80053472519,0.0,0.0,0.0,0.0,-0.202074885368
543600000000,1.9699010849,0.0,0.0,0.0,0.0,-0.0534645318985
543700000000,1.84551465511,0.0,0.0,0.0,0.0,-0.286081790924
543800000000,1.68162512779,0.0,0.0,0.0,0.0,-0.128647685051
543900000000,1.85145354271,0.0,0.0,0.0,0.0,-0.153068423271
544000000000,1.84205269814,0.0,0.0,0.0,0.0,0.292467951775
544100000000,1.59205269814,0.0,0.0,0.0,0.0,0.292467951775
544136000000,1.34205269814,0.0,0.0,0.0,0.0,0.292467951775
544168000000,1.09205281734,0.0,0.0,0.0,0.0,0.292468011379
544200000000,0.842052817345,0.0,0.0,0.0,0.0,0.292468070984
544236000000,0.59205275774,0.0,0.0,0.0,0.0,0.292468011379
544268000000,0.34205275774,0.0,0.0,0.0,0.0,0.292468011379
544300000000,0.124992735684,0.0,0.0,0.0,0.0,0.231468036771
544336000000,0.0,0.0,0.0,0.0,0.0,0.0
545568000000,7.45058059692e-09,0.0,0.0,0.0,0.0,-0.462962985039
545668000000,4.47034835815e-08,0.0,0.0,0.0,0.0,-0.925925970078
545768000000,2.98023223877e-08,0.0,0.0,0.0,0.0,-1.38888907433
545868000000,5.96046447754e-08,0.0,0.0,0.0,0.0,-1.85185194016
545968000000,-0.249999970198,0.0,0.0,0.0,0.0,-1.85185205936
546068000000,-0.499999970198,0.0,0.0,0.0,0.0,-1.85185194016
546168000000,-0.5,0.0,0.0,0.0,0.0,-1.38888919353
546168000000,-0.509637117386,0.0,0.0,0.0,0.0,-1.83397698402
546268000000,-0.509637057781,0.0,0.0,0.0,0.0,-1.37101447582
546368000000,-0.280427992344,0.0,0.0,0.0,0.0,-1.37202787399
546368000000,-0.0344877541065,0.0,0.0,0.0,0.0,-1.36726295948
546468000000,0.214187681675,0.0,0.0,0.0,0.0,-1.36528682709
546568000000,0.127255380154,0.0,0.0,0.0,0.0,-1.56642580032
546668000000,0.127255395055,0.0,0.0,0.0,0.0,-1.10346269608
546768000000,0.128190606833,0.0,0.0,0.0,0.0,-1.56304192543
546868000000,0.128190606833,0.0,0.0,0.0,0.0,-1.10007882118
546968000000,0.374779105186,0.0,0.0,0.0,0.0,-1.09780335426
547068000000,0.373708069324,0.0,0.0,0.0,0.0,-1.5553085804
547068000000,0.623624920845,0.0,0.0,0.0,0.0,-1.55527877808
547168000000,0.812945008278,0.0,0.0,0.0,0.0,-1.58543562889
547268000000,0.805912256241,0.0,0.0,0.0,0.0,-1.91588866711
547268000000,0.850961506367,0.0,0.0,0.0,0.0,-2.04602432251
547368000000,0.745222210884,0.0,0.0,0.0,0.0,-2.21641969681
547468000000,0.727784991264,0.0,0.0,0.0,0.0,-2.33166527748
547468000000,0.704100072384,0.0,0.0,0.0,0.0,-2.21799015999
547568000000,0.846599042416,0.0,0.0,0.0,0.0,-2.04720330238
547668000000,0.724370598793,0.0,0.0,0.0,0.0,-1.81058943272
547768000000,0.556036472321,0.0,0.0,0.0,0.0,-1.96182274818
547868000000,0.600442230701,0.0,0.0,0.0,0.0,-1.58109259605
547968000000,0.824079155922,0.0,0.0,0.0,0.0,-1.6299123764
548068000000,1.07201135159,0.0,0.0,0.0,0.0,-1.63255608082
548168000000,1.05231356621,0.0,0.0,0.0,0.0,-1.73309111595
548268000000,1.17261099815,0.0,0.0,0.0,0.0,-1.49801015854
548268000000,1.21763324738,0.0,0.0,0.0,0.0,-1.14021587372
548368000000,1.24012589455,0.0,0.0,0.0,0.0,-0.935002684593
548468000000,1.25712609291,0.0,0.0,0.0,0.0,-0.968108296394
548568000000,1.06347596645,0.0,0.0,0.0,0.0,-1.06423258781
548668000000,1.06347584724,0.0,0.0,0.0,0.0,-1.52719557285
548768000000,1.23371112347,0.0,0.0,0.0,0.0,-1.41729402542
548868000000,1.08278429508,0.0,0.0,0.0,0.0,-1.6001970768
548868000000,1.18719017506,0.0,0.0,0.0,0.0,-1.3305811882
548968000000,1.34964072704,0.0,0.0,0.0,0.0,-1.20415961742
549068000000,1.3925563097,0.0,0.0,0.0,0.0,-0.820924580097
549168000000,1.54150295258,0.0,0.0,0.0,0.0,-0.655720591545
549168000000,1.68342638016,0.0,0.0,0.0,0.0,-0.52275621891
549268000000,1.82549333572,0.0,0.0,0.0,0.0,-0.32288146019
549368000000,1.8266876936,0.0,0.0,0.0,0.0,0.137869000435
549468000000,2.0,0.0,0.0,0.0,0.0,0.0
549568000000,1.98663449287,0.0,0.0,0.0,0.0,-0.0247020721436
549668000000,1.94199967384,0.0,0.0,0.0,0.0,-0.0123187303543
549768000000,1.77417182922,0.0,0.0,0.0,0.0,-0.164332032204
549868000000,1.52417373657,0.0,0.0,0.0,0.0,-0.164334535599
549968000000,1.74302268028,0.0,0.0,0.0,0.0,-0.222020864487
549968000000,1.70924592018,0.0,0.0,0.0,0.0,-0.480646252632
550068000000,1.65349411964,0.0,0.0,0.0,0.0,-0.170845866203
550168000000,1.74546551704,0.0,0.0,0.0,0.0,-0.390771627426
550268000000,1.82607829571,0.0,0.0,0.0,0.0,-0.302067995071
550368000000,1.86598801613,0.0,0.0,0.0,0.0,-0.242061376572
550368000000,1.92352020741,0.0,0.0,0.0,0.0,-0.141611337662
550468000000,1.99984669685,0.0,0.0,0.0,0.0,-0.000234246253967
550568000000,1.96954107285,0.0,0.0,0.0,0.0,0.0164189338684
550668000000,1.94956469536,0.0,0.0,0.0,0.0,0.0172628164291
550768000000,1.98165929317,0.0,0.0,0.0,0.0,-0.0322808027267
550768000000,1.90000867844,0.0,0.0,0.0,0.0,-0.16696035862
550868000000,1.98254036903,0.0,0.0,0.0,0.0,-0.0320712327957
550968000000,1.90244007111,0.0,0.0,0.0,0.0,-0.180470466614
551068000000,1.9020884037,0.0,0.0,0.0,0.0,-0.142384767532
551168000000,1.86370778084,0.0,0.0,0.0,0.0,-0.222382307053
551168000000,1.93914985657,0.0,0.0,0.0,0.0,-0.00635695457458
551268000000,1.99850988388,0.0,0.0,0.0,0.0,-0.0017204284668
551368000000,1.9549934864,0.0,0.0,0.0,0.0,-0.0806530714035
551468000000,1.96488714218,0.0,0.0,0.0,0.0,-0.0331734418869
551468000000,1.87406861782,0.0,0.0,0.0,0.0,-0.233205676079
551568000000,1.93253302574,0.0,0.0,0.0,0.0,-0.124357581139
551668000000,1.96764564514,0.0,0.0,0.0,0.0,0.00746870040894
551668000000,1.82283401489,0.0,0.0,0.0,0.0,-0.126717805862
551768000000,1.87856721878,0.0,0.0,0.0,0.0,-0.217388153076
551868000000,1.93577075005,0.0,0.0,0.0,0.0,-0.117968320847
551968000000,1.97983193398,0.0,0.0,0.0,0.0,-0.0339345932007
552068000000,1.99663376808,0.0,0.0,0.0,0.0,-0.00425779819489
552168000000,1.99943614006,0.0,0.0,0.0,0.0,5.48362731934e-05
552268000000,1.9998601675,0.0,0.0,0.0,0.0,-0.00019359588623
552368000000,1.80037713051,0.0,0.0,0.0,0.0,0.0933548212051
552468000000,1.55037713051,0.0,0.0,0.0,0.0,0.0933548212051
552568000000,1.79289841652,0.0,0.0,0.0,0.0,0.0959037542343
552668000000,1.7928981781,0.0,0.0,0.0,0.0,-0.367057681084
552668000000,1.7095272541,0.0,0.0,0.0,0.0,-0.0584857463837
552768000000,1.7095272541,0.0,0.0,0.0,0.0,-0.521448612213
552868000000,1.71249878407,0.0,0.0,0.0,0.0,-0.0639885663986
552968000000,1.93946373463,0.0,0.0,0.0,0.0,-0.104272723198
553068000000,1.98813259602,0.0,0.0,0.0,0.0,0.0147783756256
553168000000,1.98315191269,0.0,0.0,0.0,0.0,0.00333452224731
553268000000,1.94772601128,0.0,0.0,0.0,0.0,-0.095074057579
553368000000,1.84605073929,0.0,0.0,0.0,0.0,-0.263820528984
553468000000,1.97679376602,0.0,0.0,0.0,0.0,-0.0429744720459
553568000000,1.875,0.0,0.0,0.0,0.0,0.231481432915
553668000000,1.92198777199,0.0,0.0,0.0,0.0,-0.144362807274
553768000000,1.69227910042,0.0,0.0,0.0,0.0,-0.152233958244
553868000000,1.6619849205,0.0,0.0,0.0,0.0,-0.440442323685
553968000000,1.80619430542,0.0,0.0,0.0,0.0,-0.244907259941
554068000000,1.73145663738,0.0,0.0,0.0,0.0,-0.411653518677
554168000000,1.87958204746,0.0,0.0,0.0,0.0,-0.222996711731
554268000000,1.87637782097,0.0,0.0,0.0,0.0,0.12076985836
554368000000,1.86670303345,0.0,0.0,0.0,0.0,-0.246837377548
554468000000,1.9785759449,0.0,0.0,0.0,0.0,-0.0384726524353
554568000000,1.94650506973,0.0,0.0,0.0,0.0,-0.0990365743637
554668000000,1.97808504105,0.0,0.0,0.0,0.0,0.0183758735657
554768000000,1.99820899963,0.0,0.0,0.0,0.0,4.41074371338e-05
554868000000,1.95466542244,0.0,0.0,0.0,0.0,-0.0426114797592
554968000000,1.94736540318,0.0,0.0,0.0,0.0,-0.06898021698
554968000000,1.94136500359,0.0,0.0,0.0,0.0,-0.00656592845917
555068000000,1.90359222889,0.0,0.0,0.0,0.0,-0.162767291069
555168000000,1.82153213024,0.0,0.0,0.0,0.0,-0.0601713657379
555168000000,1.99763727188,0.0,0.0,0.0,0.0,-0.0011214017868
555268000000,1.91562795639,0.0,0.0,0.0,0.0,-0.114494204521
555368000000,1.95505869389,0.0,0.0,0.0,0.0,-0.0823982954025
555468000000,1.99980950356,0.0,0.0,0.0,0.0,-0.000277042388916
555568000000,1.92869198322,0.0,0.0,0.0,0.0,-0.109411001205
555568000000,1.92794239521,0.0,0.0,0.0,0.0,-0.132606744766
555668000000,1.89962387085,0.0,0.0,0.0,0.0,-0.185213446617
555768000000,1.94955945015,0.0,0.0,0.0,0.0,-0.0933998823166
555868000000,1.99158668518,0.0,0.0,0.0,0.0,-0.0150666236877
555968000000,1.85870063305,0.0,0.0,0.0,0.0,0.192431330681
556068000000,1.93677461147,0.0,0.0,0.0,0.0,0.0195800065994
556168000000,1.99820947647,0.0,0.0,0.0,0.0,-0.00301396846771
556268000000,1.82516646385,0.0,0.0,0.0,0.0,-0.0799096822739
556268000000,1.76600766182,0.0,0.0,0.0,0.0,-0.433319211006
556368000000,1.55573368073,0.0,0.0,0.0,0.0,-0.35975253582
556468000000,1.43719887733,0.0,0.0,0.0,0.0,-0.2159460783
556568000000,1.67930066586,0.0,0.0,0.0,0.0,-0.206531763077
556668000000,1.72451996803,0.0,0.0,0.0,0.0,-0.42203271389
556768000000,1.77595472336,0.0,0.0,0.0,0.0,-0.115495920181
556868000000,1.98178577423,0.0,0.0,0.0,0.0,-0.0337127447128
556868000000,1.76941812038,0.0,0.0,0.0,0.0,0.0287300348282
556968000000,1.6913394928,0.0,0.0,0.0,0.0,0.184768915176
557068000000,1.61665606499,0.0,0.0,0.0,0.0,-0.103265047073
557168000000,1.8017936945,0.0,0.0,0.0,0.0,-0.141672849655
557268000000,1.93561553955,0.0,0.0,0.0,0.0,0.0166277885437
557368000000,1.86730122566,0.0,0.0,0.0,0.0,-0.161604881287
557468000000,1.98971486092,0.0,0.0,0.0,0.0,0.0187875032425
557568000000,1.99999952316,0.0,0.0,0.0,0.0,4.76837158203e-07
557668000000,1.96508622169,0.0,0.0,0.0,0.0,-0.0514305830002
557668000000,1.86280274391,0.0,0.0,0.0,0.0,-0.229189991951
557768000000,1.77493190765,0.0,0.0,0.0,0.0,-0.412973761559
557868000000,1.87711203098,0.0,0.0,0.0,0.0,-0.214832425117
557968000000,1.73531079292,0.0,0.0,0.0,0.0,-0.400607585907
558068000000,1.84007608891,0.0,0.0,0.0,0.0,-0.141426324844
558168000000,1.76689910889,0.0,0.0,0.0,0.0,-0.235284209251
558268000000,1.8629860878,0.0,0.0,0.0,0.0,-0.231303930283
558368000000,1.9035794735,0.0,0.0,0.0,0.0,-0.175052642822
558468000000,1.98786091805,0.0,0.0,0.0,0.0,-0.0110146999359
558568000000,1.92402410507,0.0,0.0,0.0,0.0,-0.0363326072693
558668000000,1.94077324867,0.0,0.0,0.0,0.0,-0.107013344765
558768000000,1.98738133907,0.0,0.0,0.0,0.0,-0.0206567049026
558868000000,1.89063441753,0.0,0.0,0.0,0.0,-0.195880889893
558968000000,1.89133274555,0.0,0.0,0.0,0.0,-0.153574228287
559068000000,1.94600522518,0.0,0.0,0.0,0.0,-0.0999871492386
559168000000,1.97869205475,0.0,0.0,0.0,0.0,-0.00809764862061
559268000000,1.72869300842,0.0,0.0,0.0,0.0,-0.00809907913208
559368000000,1.72869300842,0.0,0.0,0.0,0.0,-0.471061944962
559468000000,1.80845713615,0.0,0.0,0.0,0.0,-0.354709148407
559568000000,1.9306576252,0.0,0.0,0.0,0.0,-0.120074272156
559668000000,2.0,0.0,0.0,0.0,0.0,0.0
559768000000,1.98492789268,0.0,0.0,0.0,0.0,-0.0279101133347
559868000000,1.85992825031,0.0,0.0,0.0,0.0,-0.259392142296
559968000000,1.9646294117,0.0,0.0,0.0,0.0,0.00894677639008
560068000000,1.95025372505,0.0,0.0,0.0,0.0,-0.0919785499573
560168000000,1.82798540592,0.0,0.0,0.0,0.0,0.128341555595
560168000000,1.86217153072,0.0,0.0,0.0,0.0,-0.235754132271
560268000000,1.71749258041,0.0,0.0,0.0,0.0,-0.383440136909
560368000000,1.88021683693,0.0,0.0,0.0,0.0,-0.22182071209
560468000000,1.86510574818,0.0,0.0,0.0,0.0,0.160510778427
560568000000,1.70553767681,0.0,0.0,0.0,0.0,-0.00694954395294
560668000000,1.74374878407,0.0,0.0,0.0,0.0,0.385252118111
560768000000,1.88048148155,0.0,0.0,0.0,0.0,0.220426559448
560768000000,1.88394927979,0.0,0.0,0.0,0.0,0.214883208275
560868000000,1.84667122364,0.0,0.0,0.0,0.0,-0.179013729095
560968000000,1.81663799286,0.0,0.0,0.0,0.0,-0.325482845306
561068000000,1.75156784058,0.0,0.0,0.0,0.0,-0.307769060135
561168000000,1.89564323425,0.0,0.0,0.0,0.0,-0.112059473991
561268000000,1.83636474609,0.0,0.0,0.0,0.0,-0.302943348885
561268000000,1.86038076878,0.0,0.0,0.0,0.0,-0.258148193359
561368000000,1.81686413288,0.0,0.0,0.0,0.0,-0.33907520771
561468000000,1.83658480644,0.0,0.0,0.0,0.0,-0.268659949303
561568000000,1.83251070976,0.0,0.0,0.0,0.0,-0.0969846248627
561668000000,1.93007588387,0.0,0.0,0.0,0.0,0.087505698204
561668000000,1.91378319263,0.0,0.0,0.0,0.0,0.00204372406006
561768000000,1.89938533306,0.0,0.0,0.0,0.0,0.120500564575
561868000000,1.99915492535,0.0,0.0,0.0,0.0,-0.00116384029388
561968000000,1.91842389107,0.0,0.0,0.0,0.0,0.0335804224014
562068000000,1.98586988449,0.0,0.0,0.0,0.0,0.0260628461838
562168000000,1.99410319328,0.0,0.0,0.0,0.0,-0.00660645961761
562268000000,1.97137320042,0.0,0.0,0.0,0.0,-0.0472483634949
562268000000,1.95129811764,0.0,0.0,0.0,0.0,-0.071540594101
562368000000,1.9564640522,0.0,0.0,0.0,0.0,-0.0310263633728
562468000000,1.98329937458,0.0,0.0,0.0,0.0,0.0177835226059
562468000000,1.96972239017,0.0,0.0,0.0,0.0,-0.0560700893402
562568000000,1.89669978619,0.0,0.0,0.0,0.0,0.151540398598
562668000000,1.8707048893,0.0,0.0,0.0,0.0,-0.14048910141
562768000000,1.84828448296,0.0,0.0,0.0,0.0,0.28095459938
562868000000,1.86630964279,0.0,0.0,0.0,0.0,-0.148362159729
562868000000,1.79909467697,0.0,0.0,0.0,0.0,-0.365392804146
562968000000,1.77590680122,0.0,0.0,0.0,0.0,-0.0112342834473
563068000000,1.92564356327,0.0,0.0,0.0,0.0,0.0678094625473
563168000000,1.86793136597,0.0,0.0,0.0,0.0,-0.191253900528
563268000000,1.973980546,0.0,0.0,0.0,0.0,0.00949847698212
563268000000,1.86651742458,0.0,0.0,0.0,0.0,-0.247189760208
563368000000,1.83173453808,0.0,0.0,0.0,0.0,-0.127154946327
563468000000,1.83795881271,0.0,0.0,0.0,0.0,-0.164155602455
563568000000,1.96513140202,0.0,0.0,0.0,0.0,-0.0439821481705
563668000000,1.97941446304,0.0,0.0,0.0,0.0,-0.0381090641022
563668000000,1.74847507477,0.0,0.0,0.0,0.0,-0.0668187141418
563768000000,1.52414500713,0.0,0.0,0.0,0.0,-0.048166513443
563868000000,1.73313140869,0.0,0.0,0.0,0.0,0.0273495912552
563868000000,1.90915882587,0.0,0.0,0.0,0.0,-0.0774725675583
563968000000,1.75838971138,0.0,0.0,0.0,0.0,-0.0708898305893
564068000000,1.66545987129,0.0,0.0,0.0,0.0,-0.177428603172
564168000000,1.80093276501,0.0,0.0,0.0,0.0,-0.368606090546
564268000000,1.76805019379,0.0,0.0,0.0,0.0,-0.292569637299
564268000000,1.92664813995,0.0,0.0,0.0,0.0,-0.131015181541
564368000000,1.99996757507,0.0,0.0,0.0,0.0,-3.57627868652e-06
564468000000,1.85328769684,0.0,0.0,0.0,0.0,0.189717531204
564568000000,1.87779450417,0.0,0.0,0.0,0.0,-0.222773551941
564668000000,1.94098675251,0.0,0.0,0.0,0.0,0.0286535024643
564768000000,1.83775687218,0.0,0.0,0.0,0.0,0.300450086594
564868000000,1.83775699139,0.0,0.0,0.0,0.0,-0.162512779236
564968000000,1.63914012909,0.0,0.0,0.0,0.0,-0.256586194038
564968000000,1.8751578331,0.0,0.0,0.0,0.0,-0.231016635895
565068000000,1.7501912117,0.0,0.0,0.0,0.0,-0.462497711182
565168000000,1.76372051239,0.0,0.0,0.0,0.0,-0.404592394829
565168000000,1.89762020111,0.0,0.0,0.0,0.0,-0.189592123032
565268000000,1.96809720993,0.0,0.0,0.0,0.0,0.057600736618
565368000000,1.90478467941,0.0,0.0,0.0,0.0,-0.176324367523
565368000000,1.875,0.0,0.0,0.0,0.0,0.231481552124
565468000000,1.78011059761,0.0,0.0,0.0,0.0,-0.0557563304901
565568000000,1.74687838554,0.0,0.0,0.0,0.0,-0.455944776535
565668000000,1.74687838554,0.0,0.0,0.0,0.0,0.00701808929443
565768000000,1.72558903694,0.0,0.0,0.0,0.0,-0.416514635086
565868000000,1.57963013649,0.0,0.0,0.0,0.0,-0.560000419617
565968000000,1.50660872459,0.0,0.0,0.0,0.0,-0.887738406658
566068000000,1.50660681725,0.0,0.0,0.0,0.0,-0.424786806107
566168000000,1.63012290001,0.0,0.0,0.0,0.0,-0.496928095818
566168000000,1.38012290001,0.0,0.0,0.0,0.0,-0.496928095818
566268000000,1.18076682091,0.0,0.0,0.0,0.0,-0.590696692467
566368000000,1.32387709618,0.0,0.0,0.0,0.0,-0.632701873779
566468000000,1.15163481236,0.0,0.0,0.0,0.0,-0.650582432747
566568000000,1.24654865265,0.0,0.0,0.0,0.0,-0.363385617733
566668000000,0.99654853344,0.0,0.0,0.0,0.0,-0.363385677338
566700000000,0.74654853344,0.0,0.0,0.0,0.0,-0.363385677338
566736000000,0.49654853344,0.0,0.0,0.0,0.0,-0.363385647535
566768000000,0.24654853344,0.0,0.0,0.0,0.0,-0.363385647535
566800000000,0.0963883921504,0.0,0.0,0.0,0.0,-0.178497031331
566836000000,0.0,0.0,0.0,0.0,0.0,0.0
567600000000,-0.25,0.0,0.0,0.0,0.0,2.98023223877e-08
567700000000,-0.0102690644562,0.0,0.0,0.0,0.0,0.0190168172121
567800000000,-0.0102991685271,0.0,0.0,0.0,0.0,-0.44389039278
567900000000,-0.0102991759777,0.0,0.0,0.0,0.0,-0.906853377819
567900000000,-0.0102991759777,0.0,0.0,0.0,0.0,-1.36981642246
568000000000,0.210357874632,0.0,0.0,0.0,0.0,-1.42415523529
568100000000,0.210357874632,0.0,0.0,0.0,0.0,-0.961192250252
568200000000,-0.0210915803909,0.0,0.0,0.0,0.0,-0.995344281197
568300000000,0.0795829892159,0.0,0.0,0.0,0.0,-1.27183818817
568300000000,-0.170417040586,0.0,0.0,0.0,0.0,-1.27183806896
568400000000,-0.1148853302,0.0,0.0,0.0,0.0,-0.911711573601
568500000000,-0.350454032421,0.0,0.0,0.0,0.0,-0.912666082382
568600000000,-0.239134997129,0.0,0.0,0.0,0.0,-1.16936838627
568700000000,-0.344192951918,0.0,0.0,0.0,0.0,-1.40860104561
568800000000,-0.334084361792,0.0,0.0,0.0,0.0,-1.84536886215
568800000000,-0.50976985693,0.0,0.0,0.0,0.0,-1.91302871704
568900000000,-0.505953788757,0.0,0.0,0.0,0.0,-2.28515434265
569000000000,-0.407461464405,0.0,0.0,0.0,0.0,-2.10111761093
569000000000,-0.46955370903,0.0,0.0,0.0,0.0,-2.14197731018
569100000000,-0.384378701448,0.0,0.0,0.0,0.0,-2.03613042831
569200000000,-0.198685586452,0.0,0.0,0.0,0.0,-2.08368730545
569200000000,-0.0989751815796,0.0,0.0,0.0,0.0,-2.20757603645
569300000000,0.0422065854073,0.0,0.0,0.0,0.0,-2.40909123421
569400000000,0.203391671181,0.0,0.0,0.0,0.0,-2.57356309891
569500000000,-0.0136466622353,0.0,0.0,0.0,0.0,-2.61704063416
569500000000,0.236328244209,0.0,0.0,0.0,0.0,-2.61706614494
569600000000,0.480088353157,0.0,0.0,0.0,0.0,-2.62681007385
569700000000,0.445081889629,0.0,0.0,0.0,0.0,-2.22870111465
569700000000,0.449534326792,0.0,0.0,0.0,0.0,-2.67566728592
569800000000,0.449534296989,0.0,0.0,0.0,0.0,-2.21270418167
569900000000,0.449534416199,0.0,0.0,0.0,0.0,-1.74974143505
570000000000,0.225601047277,0.0,0.0,0.0,0.0,-1.70146989822
570100000000,0.447271943092,0.0,0.0,0.0,0.0,-1.66819858551
570200000000,0.495186030865,0.0,0.0,0.0,0.0,-1.29396533966
570300000000,0.707936227322,0.0,0.0,0.0,0.0,-1.34458506107
570400000000,0.955480515957,0.0,0.0,0.0,0.0,-1.34030854702
570400000000,1.16416585445,0.0,0.0,0.0,0.0,-1.4039093256
570500000000,0.958210468292,0.0,0.0,0.0,0.0,-1.48519706726
570600000000,1.17563700676,0.0,0.0,0.0,0.0,-1.5265982151
570700000000,1.30063688755,0.0,0.0,0.0,0.0,-1.29511642456
570800000000,1.38978099823,0.0,0.0,0.0,0.0,-1.13002729416
570800000000,1.51478266716,0.0,0.0,0.0,0.0,-0.898549854755
570900000000,1.62761640549,0.0,0.0,0.0,0.0,-0.687695741653
571000000000,1.70866239071,0.0,0.0,0.0,0.0,-0.486613631248
571000000000,1.80162882805,0.0,0.0,0.0,0.0,-0.343151688576
571100000000,1.84138846397,0.0,0.0,0.0,0.0,-0.291854023933
571200000000,1.74576449394,0.0,0.0,0.0,0.0,-0.464340090752
571300000000,1.49670886993,0.0,0.0,0.0,0.0,-0.463855862617
571300000000,1.49670886993,0.0,0.0,0.0,0.0,-0.926818788052
571400000000,1.26132428646,0.0,0.0,0.0,0.0,-0.90867972374
571500000000,1.25997459888,0.0,0.0,0.0,0.0,-1.20657205582
571600000000,1.41435217857,0.0,0.0,0.0,0.0,-1.07034003735
571700000000,1.47171640396,0.0,0.0,0.0,0.0,-0.974622607231
571700000000,1.34605181217,0.0,0.0,0.0,0.0,-0.868047177792
571800000000,1.38073945045,0.0,0.0,0.0,0.0,-0.800178647041
571900000000,1.56000852585,0.0,0.0,0.0,0.0,-0.705076694489
572000000000,1.68867182732,0.0,0.0,0.0,0.0,-0.53980588913
572100000000,1.78936064243,0.0,0.0,0.0,0.0,-0.389850616455
572200000000,1.6066981554,0.0,0.0,0.0,0.0,-0.413019299507
572200000000,1.69034731388,0.0,0.0,0.0,0.0,-0.54197537899
572300000000,1.76235163212,0.0,0.0,0.0,0.0,-0.214885234833
572400000000,1.89102816582,0.0,0.0,0.0,0.0,-0.174070358276
572400000000,1.8675147295,0.0,0.0,0.0,0.0,0.245339393616
572500000000,1.89359092712,0.0,0.0,0.0,0.0,-0.118754506111
572600000000,1.96848773956,0.0,0.0,0.0,0.0,-0.0555634498596
572600000000,1.9412689209,0.0,0.0,0.0,0.0,-0.0425003767014
572700000000,2.0,0.0,0.0,0.0,0.0,0.0
572800000000,1.7862612009,0.0,0.0,0.0,0.0,0.0557321310043
572900000000,1.75453126431,0.0,0.0,0.0,0.0,-0.347888946533
572900000000,1.77610683441,0.0,0.0,0.0,0.0,0.0751192569733
573000000000,1.9670394659,0.0,0.0,0.0,0.0,0.0132713317871
573100000000,1.86196565628,0.0,0.0,0.0,0.0,-0.254540324211
573100000000,1.84116816521,0.0,0.0,0.0,0.0,-0.294129729271
573200000000,1.93639135361,0.0,0.0,0.0,0.0,-0.117734313011
573300000000,1.82223510742,0.0,0.0,0.0,0.0,-0.199939608574
573400000000,1.90846729279,0.0,0.0,0.0,0.0,-0.145065069199
573500000000,1.93373990059,0.0,0.0,0.0,0.0,-0.111725926399
573600000000,1.82934951782,0.0,0.0,0.0,0.0,0.0202040672302
573700000000,1.81078386307,0.0,0.0,0.0,0.0,-0.318758845329
573700000000,1.90400528908,0.0,0.0,0.0,0.0,-0.0895025730133
573800000000,1.89848184586,0.0,0.0,0.0,0.0,-0.1195936203
573900000000,1.89972043037,0.0,0.0,0.0,0.0,-0.0978225469589
574000000000,1.96875977516,0.0,0.0,0.0,0.0,-0.0217611789703
574000000000,1.96886026859,0.0,0.0,0.0,0.0,0.0521255731583
574100000000,1.96372103691,0.0,0.0,0.0,0.0,0.0648627281189
574200000000,1.95301866531,0.0,0.0,0.0,0.0,-0.0790797472
574200000000,1.96771717072,0.0,0.0,0.0,0.0,-0.0538316965103
574300000000,1.9815864563,0.0,0.0,0.0,0.0,0.032458782196
574400000000,1.94694578648,0.0,0.0,0.0,0.0,-0.0974642038345
574400000000,2.0,0.0,0.0,0.0,0.0,0.0
574500000000,1.88604867458,0.0,0.0,0.0,0.0,-0.139263749123
574600000000,1.7957701683,0.0,0.0,0.0,0.0,-0.245916843414
574700000000,1.87953662872,0.0,0.0,0.0,0.0,0.0550527572632
574800000000,1.82963252068,0.0,0.0,0.0,0.0,-0.315494894981
574900000000,1.83778691292,0.0,0.0,0.0,0.0,0.132315278053
575000000000,1.77746963501,0.0,0.0,0.0,0.0,0.410558819771
575100000000,1.83158302307,0.0,0.0,0.0,0.0,0.120694637299
575200000000,1.86711406708,0.0,0.0,0.0,0.0,0.231422901154
575300000000,1.95539569855,0.0,0.0,0.0,0.0,-0.0270487070084
575300000000,1.93642234802,0.0,0.0,0.0,0.0,0.116770267487
575400000000,1.97426009178,0.0,0.0,0.0,0.0,0.00575387477875
575500000000,1.90679359436,0.0,0.0,0.0,0.0,0.0904669761658
575500000000,1.91627407074,0.0,0.0,0.0,0.0,0.0872428417206
575604000000,1.94196748734,0.0,0.0,0.0,0.0,0.0879052877426
575704000000,1.98428583145,0.0,0.0,0.0,0.0,-0.0284140110016
575804000000,1.92228865623,0.0,0.0,0.0,0.0,-0.0359082221985
575904000000,1.97831273079,0.0,0.0,0.0,0.0,0.0400757789612
576004000000,1.93800568581,0.0,0.0,0.0,0.0,0.114803910255
576104000000,1.93046689034,0.0,0.0,0.0,0.0,-0.0732440948486
576204000000,1.99433994293,0.0,0.0,0.0,0.0,0.00307238101959
576204000000,1.96042370796,0.0,0.0,0.0,0.0,0.0696347951889
576304000000,1.94270730019,0.0,0.0,0.0,0.0,0.000881433486938
576404000000,1.95572543144,0.0,0.0,0.0,0.0,0.0818955898285
576404000000,1.85353851318,0.0,0.0,0.0,0.0,0.163124918938
576504000000,1.87853252888,0.0,0.0,0.0,0.0,0.101563215256
576604000000,1.8472880125,0.0,0.0,0.0,0.0,0.232218980789
576704000000,1.90306651592,0.0,0.0,0.0,0.0,0.179272174835
576704000000,1.77812981606,0.0,0.0,0.0,0.0,0.410870790482
576804000000,1.65669226646,0.0,0.0,0.0,0.0,0.622603178024
576904000000,1.74122953415,0.0,0.0,0.0,0.0,0.478383302689
576904000000,1.86645126343,0.0,0.0,0.0,0.0,0.247312426567
577004000000,1.8523812294,0.0,0.0,0.0,0.0,-0.0523869991302
577104000000,1.6023812294,0.0,0.0,0.0,0.0,-0.0523869991302
577204000000,1.60238146782,0.0,0.0,0.0,0.0,-0.515349507332
577304000000,1.61124908924,0.0,0.0,0.0,0.0,-0.143925070763
577404000000,1.86115145683,0.0,0.0,0.0,0.0,-0.143765807152
577504000000,1.74922478199,0.0,0.0,0.0,0.0,-0.240557193756
577604000000,1.87453079224,0.0,0.0,0.0,0.0,-0.107356905937
577704000000,1.99519681931,0.0,0.0,0.0,0.0,0.00650119781494
577804000000,1.77510881424,0.0,0.0,0.0,0.0,0.060885310173
577904000000,1.98359084129,0.0,0.0,0.0,0.0,0.0219358205795
578004000000,1.93407964706,0.0,0.0,0.0,0.0,0.0660203695297
578104000000,1.91284227371,0.0,0.0,0.0,0.0,0.156808257103
578204000000,1.93095719814,0.0,0.0,0.0,0.0,0.123538613319
578304000000,1.97422170639,0.0,0.0,0.0,0.0,0.012929558754
578404000000,1.92764544487,0.0,0.0,0.0,0.0,0.133582353592
578504000000,1.9266679287,0.0,0.0,0.0,0.0,0.0898990631104
578604000000,1.93280982971,0.0,0.0,0.0,0.0,0.124110937119
578604000000,1.87343919277,0.0,0.0,0.0,0.0,0.217090725899
578704000000,1.89766311646,0.0,0.0,0.0,0.0,0.0744549036026
578804000000,1.92029774189,0.0,0.0,0.0,0.0,0.136909246445
578804000000,1.95051956177,0.0,0.0,0.0,0.0,0.0367357730865
578904000000,1.99999988079,0.0,0.0,0.0,0.0,0.0
579004000000,1.875,0.0,0.0,0.0,0.0,0.231481552124
579004000000,1.98961281776,0.0,0.0,0.0,0.0,0.0178716182709
579104000000,1.89332783222,0.0,0.0,0.0,0.0,0.0156470537186
579204000000,1.78638994694,0.0,0.0,0.0,0.0,0.280514001846
579204000000,1.81801557541,0.0,0.0,0.0,0.0,0.137734770775
579304000000,1.94069993496,0.0,0.0,0.0,0.0,0.07634806633
579404000000,1.94537186623,0.0,0.0,0.0,0.0,0.101142406464
579404000000,1.88598108292,0.0,0.0,0.0,0.0,0.208344697952
579504000000,1.95404410362,0.0,0.0,0.0,0.0,-0.0216999053955
579604000000,1.90098810196,0.0,0.0,0.0,0.0,-0.183345317841
579704000000,1.89992320538,0.0,0.0,0.0,0.0,-0.18470454216
579704000000,1.88586497307,0.0,0.0,0.0,0.0,0.170908093452
579804000000,1.68199372292,0.0,0.0,0.0,0.0,0.256331443787
579904000000,1.89671754837,0.0,0.0,0.0,0.0,0.19126355648
580004000000,1.99673223495,0.0,0.0,0.0,0.0,0.00501239299774
580104000000,1.97470664978,0.0,0.0,0.0,0.0,0.0460772514343
580204000000,1.94796347618,0.0,0.0,0.0,0.0,-0.0359714031219
580304000000,1.92137646675,0.0,0.0,0.0,0.0,0.070964217186
580304000000,1.77246785164,0.0,0.0,0.0,0.0,0.258138298988
580404000000,1.84180688858,0.0,0.0,0.0,0.0,0.117390275002
580504000000,1.99121832848,0.0,0.0,0.0,0.0,0.0162532329559
580604000000,1.92062664032,0.0,0.0,0.0,0.0,-0.140060544014
580704000000,1.99998521805,0.0,0.0,0.0,0.0,2.11000442505e-05
580804000000,1.83171021938,0.0,0.0,0.0,0.0,0.151301503181
580904000000,1.71763348579,0.0,0.0,0.0,0.0,0.358540415764
581004000000,1.79443836212,0.0,0.0,0.0,0.0,0.0702110528946
581004000000,1.76470851898,0.0,0.0,0.0,0.0,0.404547929764
581104000000,1.86555349827,0.0,0.0,0.0,0.0,0.248512506485
581204000000,1.88004732132,0.0,0.0,0.0,0.0,-0.00922453403473
581204000000,1.90543055534,0.0,0.0,0.0,0.0,0.160933256149
581304000000,1.78417289257,0.0,0.0,0.0,0.0,0.397913455963
581404000000,1.8132019043,0.0,0.0,0.0,0.0,0.269214630127
581504000000,1.95884180069,0.0,0.0,0.0,0.0,0.0761466026306
581604000000,1.84093689919,0.0,0.0,0.0,0.0,0.294556975365
581604000000,1.89588308334,0.0,0.0,0.0,0.0,0.192740559578
581704000000,1.87485277653,0.0,0.0,0.0,0.0,0.0339449644089
581804000000,1.95628190041,0.0,0.0,0.0,0.0,-0.0785369873047
581804000000,1.85862517357,0.0,0.0,0.0,0.0,0.150846362114
581904000000,1.95072793961,0.0,0.0,0.0,0.0,0.0912446975708
582004000000,1.87769436836,0.0,0.0,0.0,0.0,-0.0670160055161
582004000000,1.9162954092,0.0,0.0,0.0,0.0,0.0635116100311
582104000000,1.9615521431,0.0,0.0,0.0,0.0,-0.0337677001953
582204000000,1.82029640675,0.0,0.0,0.0,0.0,0.137488245964
582204000000,1.75621008873,0.0,0.0,0.0,0.0,0.448994278908
582304000000,1.77126169205,0.0,0.0,0.0,0.0,0.377402901649
582404000000,1.87967920303,0.0,0.0,0.0,0.0,0.184752821922
582504000000,1.93095004559,0.0,0.0,0.0,0.0,0.0371475219727
582604000000,1.9426612854,0.0,0.0,0.0,0.0,0.106182575226
582704000000,1.88398766518,0.0,0.0,0.0,0.0,0.214817643166
582704000000,1.9472681284,0.0,0.0,0.0,0.0,0.021271109581
582804000000,1.96828961372,0.0,0.0,0.0,0.0,-0.033184170723
582904000000,1.98647117615,0.0,0.0,0.0,0.0,0.0062381029129
583004000000,1.94661724567,0.0,0.0,0.0,0.0,0.0982010364532
583104000000,1.81352496147,0.0,0.0,0.0,0.0,0.289804935455
583204000000,1.89287281036,0.0,0.0,0.0,0.0,0.185975313187
583304000000,1.94187867641,0.0,0.0,0.0,0.0,-0.10208940506
583304000000,1.86355876923,0.0,0.0,0.0,0.0,0.215836524963
583404000000,1.89082944393,0.0,0.0,0.0,0.0,-0.0663328170776
583504000000,1.83832454681,0.0,0.0,0.0,0.0,0.299398899078
583504000000,1.76256334782,0.0,0.0,0.0,0.0,-0.0197833776474
583604000000,1.77990341187,0.0,0.0,0.0,0.0,-0.399147510529
583704000000,1.80863189697,0.0,0.0,0.0,0.0,-0.0316718816757
583704000000,1.8860771656,0.0,0.0,0.0,0.0,-0.0973119735718
583804000000,1.95850872993,0.0,0.0,0.0,0.0,-0.072903752327
583904000000,1.93946218491,0.0,0.0,0.0,0.0,-0.00267088413239
583904000000,1.88597202301,0.0,0.0,0.0,0.0,0.203998208046
584004000000,1.81060886383,0.0,0.0,0.0,0.0,0.350711941719
584104000000,1.78374159336,0.0,0.0,0.0,0.0,0.397596359253
584204000000,1.72021186352,0.0,0.0,0.0,0.0,0.356604933739
584204000000,1.79825520515,0.0,0.0,0.0,0.0,0.369516849518
584304000000,1.91231155396,0.0,0.0,0.0,0.0,0.120269656181
584404000000,1.89795041084,0.0,0.0,0.0,0.0,-0.188680768013
584404000000,1.9076385498,0.0,0.0,0.0,0.0,-0.113887429237
584504000000,1.99988150597,0.0,0.0,0.0,0.0,-0.000219106674194
584604000000,1.95519554615,0.0,0.0,0.0,0.0,-0.0829712152481
584704000000,1.9938158989,0.0,0.0,0.0,0.0,-0.0112949609756
584804000000,1.87581121922,0.0,0.0,0.0,0.0,0.221176981926
584904000000,1.78809499741,0.0,0.0,0.0,0.0,0.391780257225
585004000000,1.66237235069,0.0,0.0,0.0,0.0,0.621855854988
585104000000,1.78828513622,0.0,0.0,0.0,0.0,0.392064571381
585204000000,1.91294813156,0.0,0.0,0.0,0.0,0.160879969597
585304000000,1.914955616,0.0,0.0,0.0,0.0,-0.0971641540527
585404000000,1.86797821522,0.0,0.0,0.0,0.0,0.134423017502
585404000000,1.98576962948,0.0,0.0,0.0,0.0,0.0263525247574
585504000000,1.96345686913,0.0,0.0,0.0,0.0,-0.04259121418
585604000000,1.88573884964,0.0,0.0,0.0,0.0,0.150327205658
585604000000,1.9047908783,0.0,0.0,0.0,0.0,-0.174000263214
585704000000,1.75261342525,0.0,0.0,0.0,0.0,-0.312718391418
585804000000,1.83201003075,0.0,0.0,0.0,0.0,-0.0394032001495
585904000000,1.97710061073,0.0,0.0,0.0,0.0,0.00958788394928
585904000000,1.93026268482,0.0,0.0,0.0,0.0,-0.0382370948792
586004000000,1.99631476402,0.0,0.0,0.0,0.0,0.00609707832336
586104000000,1.98308300972,0.0,0.0,0.0,0.0,0.0244221687317
586204000000,1.97283875942,0.0,0.0,0.0,0.0,0.0502557754517
586304000000,1.94031524658,0.0,0.0,0.0,0.0,0.110526561737
586304000000,1.83967936039,0.0,0.0,0.0,0.0,0.160687088966
586404000000,1.88424372673,0.0,0.0,0.0,0.0,0.214361548424
586504000000,1.98148870468,0.0,0.0,0.0,0.0,0.00781786441803
586604000000,1.97003817558,0.0,0.0,0.0,0.0,-0.0549377202988
586704000000,1.99887561798,0.0,0.0,0.0,0.0,0.00192284584045
586704000000,1.92859315872,0.0,0.0,0.0,0.0,-0.0434859991074
586804000000,1.99489760399,0.0,0.0,0.0,0.0,0.00458896160126
586904000000,2.0,0.0,0.0,0.0,0.0,0.0
587004000000,1.875,0.0,0.0,0.0,0.0,0.231481432915
587104000000,1.76701569557,0.0,0.0,0.0,0.0,0.431356310844
587204000000,1.83120656013,0.0,0.0,0.0,0.0,0.275140166283
587304000000,1.80991363525,0.0,0.0,0.0,0.0,0.351227998734
587304000000,1.92248940468,0.0,0.0,0.0,0.0,0.135665774345
587404000000,1.81572914124,0.0,0.0,0.0,0.0,0.232906341553
587504000000,1.96997976303,0.0,0.0,0.0,0.0,0.0555930137634
587604000000,1.75200676918,0.0,0.0,0.0,0.0,0.114690423012
587704000000,1.94446051121,0.0,0.0,0.0,0.0,0.0137778520584
587804000000,1.84353089333,0.0,0.0,0.0,0.0,0.289750337601
587804000000,1.87101900578,0.0,0.0,0.0,0.0,-0.116841077805
587904000000,1.9117732048,0.0,0.0,0.0,0.0,0.149265050888
588004000000,1.69630670547,0.0,0.0,0.0,0.0,0.1921646595
588104000000,1.8416352272,0.0,0.0,0.0,0.0,0.292813420296
588204000000,1.88051152229,0.0,0.0,0.0,0.0,-0.0226240158081
588304000000,1.9685498476,0.0,0.0,0.0,0.0,0.0356894731522
588404000000,1.88387596607,0.0,0.0,0.0,0.0,-0.215026736259
588404000000,1.81420779228,0.0,0.0,0.0,0.0,-0.344058871269
588504000000,1.76932430267,0.0,0.0,0.0,0.0,-0.346132874489
588604000000,1.84120368958,0.0,0.0,0.0,0.0,-0.294066667557
588704000000,1.87365698814,0.0,0.0,0.0,0.0,-0.223340034485
588804000000,1.79666519165,0.0,0.0,0.0,0.0,-0.376348972321
588904000000,1.86653065681,0.0,0.0,0.0,0.0,-0.246207118034
589004000000,1.92941749096,0.0,0.0,0.0,0.0,-0.103259325027
589104000000,1.97553610802,0.0,0.0,0.0,0.0,-0.0170592069626
589204000000,1.93327593803,0.0,0.0,0.0,0.0,0.0416225194931
589204000000,1.95752120018,0.0,0.0,0.0,0.0,0.00189852714539
589304000000,1.94414019585,0.0,0.0,0.0,0.0,-0.0731076002121
589404000000,1.92305493355,0.0,0.0,0.0,0.0,-0.0688315629959
589504000000,1.9480483532,0.0,0.0,0.0,0.0,0.0452769994736
589504000000,1.92248857021,0.0,0.0,0.0,0.0,0.143527269363
589604000000,1.98207628727,0.0,0.0,0.0,0.0,-0.032816529274
589704000000,1.97797191143,0.0,0.0,0.0,0.0,0.0138871669769
589704000000,1.95731806755,0.0,0.0,0.0,0.0,-0.074423789978
589804000000,1.87375354767,0.0,0.0,0.0,0.0,0.233789801598
589904000000,1.99875354767,0.0,0.0,0.0,0.0,0.00230836868286
589904000000,1.999766469,0.0,0.0,0.0,0.0,0.000428080558777
590004000000,1.87499904633,0.0,0.0,0.0,0.0,-0.231483101845
590104000000,1.7957918644,0.0,0.0,0.0,0.0,0.0776122808456
590204000000,1.98775696754,0.0,0.0,0.0,0.0,-0.00967025756836
590304000000,1.96817684174,0.0,0.0,0.0,0.0,0.0547406673431
590304000000,1.90208601952,0.0,0.0,0.0,0.0,0.124695658684
590404000000,1.65208601952,0.0,0.0,0.0,0.0,0.124695777893
590504000000,1.88655924797,0.0,0.0,0.0,0.0,0.109798669815
590504000000,1.82037258148,0.0,0.0,0.0,0.0,-0.20957839489
590604000000,1.94292616844,0.0,0.0,0.0,0.0,0.00514352321625
590704000000,1.87213850021,0.0,0.0,0.0,0.0,0.236617803574
590704000000,1.97339463234,0.0,0.0,0.0,0.0,-0.0197089910507
590804000000,1.97903382778,0.0,0.0,0.0,0.0,-0.0154081583023
590904000000,1.8920327425,0.0,0.0,0.0,0.0,0.0837092399597
590904000000,1.81018078327,0.0,0.0,0.0,0.0,0.102973461151
591004000000,1.90261220932,0.0,0.0,0.0,0.0,0.141058564186
591104000000,1.96331369877,0.0,0.0,0.0,0.0,0.01225233078
591204000000,1.95155835152,0.0,0.0,0.0,0.0,-0.0460889339447
591304000000,1.9877281189,0.0,0.0,0.0,0.0,0.0165438652039
591404000000,1.98656654358,0.0,0.0,0.0,0.0,0.0213330984116
591504000000,1.95566964149,0.0,0.0,0.0,0.0,0.0311967134476
591604000000,1.96277570724,0.0,0.0,0.0,0.0,-0.00977182388306
591704000000,1.81893610954,0.0,0.0,0.0,0.0,0.17325091362
591804000000,1.96563315392,0.0,0.0,0.0,0.0,0.0525188446045
591904000000,1.84363651276,0.0,0.0,0.0,0.0,0.289561986923
592004000000,1.94310188293,0.0,0.0,0.0,0.0,0.0940469503403
592004000000,1.88958144188,0.0,0.0,0.0,0.0,0.173394083977
592104000000,1.66838812828,0.0,0.0,0.0,0.0,0.156392455101
592204000000,1.77622520924,0.0,0.0,0.0,0.0,0.163120746613
592204000000,1.88580918312,0.0,0.0,0.0,0.0,0.0309482812881
592304000000,1.80918824673,0.0,0.0,0.0,0.0,0.350545287132
592404000000,1.82185614109,0.0,0.0,0.0,0.0,0.328651666641
592404000000,1.86382675171,0.0,0.0,0.0,0.0,0.128599882126
592504000000,1.92249536514,0.0,0.0,0.0,0.0,0.142514824867
592604000000,1.83197665215,0.0,0.0,0.0,0.0,0.0156860351562
592704000000,1.99043715,0.0,0.0,0.0,0.0,0.016301035881
592804000000,1.74764931202,0.0,0.0,0.0,0.0,0.0152652263641
592904000000,1.73289990425,0.0,0.0,0.0,0.0,0.430503964424
593004000000,1.81739449501,0.0,0.0,0.0,0.0,0.311420321465
593104000000,1.86799621582,0.0,0.0,0.0,0.0,0.11161673069
593104000000,1.91017901897,0.0,0.0,0.0,0.0,-0.166301608086
593204000000,2.0,0.0,0.0,0.0,0.0,0.0
593304000000,2.0,0.0,0.0,0.0,0.0,0.0
593404000000,1.96073579788,0.0,0.0,0.0,0.0,-0.0698837041855
593504000000,1.71955633163,0.0,0.0,0.0,0.0,-0.0535494089127
593604000000,1.71955633163,0.0,0.0,0.0,0.0,0.409413456917
593704000000,1.72137928009,0.0,0.0,0.0,0.0,-0.00695860385895
593804000000,1.55614840984,0.0,0.0,0.0,0.0,-0.0403193235397
593904000000,1.71014976501,0.0,0.0,0.0,0.0,0.0310704708099
593904000000,1.94137358665,0.0,0.0,0.0,0.0,0.0213264226913
594004000000,1.88197302818,0.0,0.0,0.0,0.0,-0.0607268810272
594104000000,1.72251605988,0.0,0.0,0.0,0.0,0.0161054134369
594104000000,1.77043294907,0.0,0.0,0.0,0.0,-0.237007856369
594204000000,1.57514429092,0.0,0.0,0.0,0.0,-0.293675422668
594304000000,1.70302069187,0.0,0.0,0.0,0.0,-0.439391970634
594404000000,1.66425848007,0.0,0.0,0.0,0.0,-0.452484250069
594504000000,1.83483433723,0.0,0.0,0.0,0.0,-0.305853486061
594604000000,1.88956475258,0.0,0.0,0.0,0.0,-0.0565737485886
594604000000,1.80478405952,0.0,0.0,0.0,0.0,-0.27348947525
594704000000,1.64921975136,0.0,0.0,0.0,0.0,-0.288799524307
594804000000,1.39921975136,0.0,0.0,0.0,0.0,-0.288799524307
594804000000,1.40161192417,0.0,0.0,0.0,0.0,0.169733762741
594904000000,1.4378156662,0.0,0.0,0.0,0.0,-0.225559949875
595004000000,1.43802380562,0.0,0.0,0.0,0.0,-0.688105881214
595004000000,1.52416217327,0.0,0.0,0.0,0.0,-0.863817334175
595104000000,1.52315378189,0.0,0.0,0.0,0.0,-0.775370955467
595204000000,1.55364847183,0.0,0.0,0.0,0.0,-0.369191884995
595204000000,1.30365145206,0.0,0.0,0.0,0.0,-0.369191765785
595304000000,1.55365133286,0.0,0.0,0.0,0.0,-0.369191646576
595404000000,1.7376499176,0.0,0.0,0.0,0.0,-0.369557738304
595504000000,1.6678532362,0.0,0.0,0.0,0.0,-0.607881069183
595604000000,1.41785335541,0.0,0.0,0.0,0.0,-0.607881188393
595636000000,1.16785335541,0.0,0.0,0.0,0.0,-0.607881247997
595668000000,0.917853355408,0.0,0.0,0.0,0.0,-0.607881307602
595704000000,0.667853295803,0.0,0.0,0.0,0.0,-0.607881307602
595736000000,0.417853295803,0.0,0.0,0.0,0.0,-0.607881247997
595768000000,0.2480545789,0.0,0.0,0.0,0.0,-0.459360331297
595804000000,0.1230545789,0.0,0.0,0.0,0.0,-0.227878853679
595836000000,0.0,0.0,0.0,0.0,0.0,0.0
597988000000,0.25,0.0,0.0,0.0,0.0,-1.49011611938e-08
598088000000,0.25,0.0,0.0,0.0,0.0,0.462962955236
598188000000,0.250000029802,0.0,0.0,0.0,0.0,0.925925910473
598288000000,0.249714240432,0.0,0.0,0.0,0.0,1.38835966587
598388000000,0.249714240432,0.0,0.0,0.0,0.0,0.925396680832
598388000000,0.462667733431,0.0,0.0,0.0,0.0,0.856791973114
598488000000,0.712667286396,0.0,0.0,0.0,0.0,0.856791973114
598588000000,0.946037054062,0.0,0.0,0.0,0.0,0.825994968414
598688000000,0.970693051815,0.0,0.0,0.0,0.0,1.24329710007
598788000000,0.970692932606,0.0,0.0,0.0,0.0,1.70625972748
598888000000,1.14616978168,0.0,0.0,0.0,0.0,1.5695514679
598988000000,1.21025872231,0.0,0.0,0.0,0.0,1.46157979965
599088000000,1.276460886,0.0,0.0,0.0,0.0,1.1410651207
599188000000,1.34477734566,0.0,0.0,0.0,0.0,0.853859364986
599288000000,1.35027432442,0.0,0.0,0.0,0.0,0.402297496796
599388000000,1.37156736851,0.0,0.0,0.0,0.0,-0.0049901008606
599488000000,1.62153434753,0.0,0.0,0.0,0.0,-0.00505042076111
599588000000,1.8510529995,0.0,0.0,0.0,0.0,-0.016487121582
599688000000,1.79698204994,0.0,0.0,0.0,0.0,-0.375954627991
599688000000,1.82043862343,0.0,0.0,0.0,0.0,0.0428317785263
599788000000,1.95812249184,0.0,0.0,0.0,0.0,0.0772621631622
599888000000,1.89592671394,0.0,0.0,0.0,0.0,-0.162287831306
599988000000,1.87218523026,0.0,0.0,0.0,0.0,0.236361980438
600088000000,1.93535161018,0.0,0.0,0.0,0.0,-0.0734577178955
600188000000,1.87914395332,0.0,0.0,0.0,0.0,-0.184676766396
600288000000,1.97399783134,0.0,0.0,0.0,0.0,0.0470170974731
600388000000,1.94793963432,0.0,0.0,0.0,0.0,-0.00882005691528
600488000000,1.87324297428,0.0,0.0,0.0,0.0,0.160101056099
600588000000,1.90170240402,0.0,0.0,0.0,0.0,0.150876283646
600688000000,1.78511464596,0.0,0.0,0.0,0.0,0.39793586731
600788000000,1.77325153351,0.0,0.0,0.0,0.0,-0.0385799407959
600888000000,1.78571867943,0.0,0.0,0.0,0.0,0.289479851723
600988000000,1.78409934044,0.0,0.0,0.0,0.0,-0.161286354065
601088000000,1.81093025208,0.0,0.0,0.0,0.0,0.222936034203
601188000000,1.87662982941,0.0,0.0,0.0,0.0,-0.0633670091629
601288000000,1.62662994862,0.0,0.0,0.0,0.0,-0.0633670091629
601388000000,1.37662994862,0.0,0.0,0.0,0.0,-0.0633670091629
601488000000,1.62662696838,0.0,0.0,0.0,0.0,-0.0633724927902
601588000000,1.85353827477,0.0,0.0,0.0,0.0,-0.0206257104874
601688000000,1.94271469116,0.0,0.0,0.0,0.0,-0.0278918743134
601788000000,1.81747794151,0.0,0.0,0.0,0.0,-0.116825699806
601888000000,1.61846327782,0.0,0.0,0.0,0.0,-0.211124897003
601988000000,1.75495171547,0.0,0.0,0.0,0.0,-0.0046945810318
602088000000,1.79542124271,0.0,0.0,0.0,0.0,-0.360442519188
602188000000,1.88235080242,0.0,0.0,0.0,0.0,-0.21778023243
602288000000,1.68325090408,0.0,0.0,0.0,0.0,-0.260851144791
602388000000,1.48410534859,0.0,0.0,0.0,0.0,-0.316078662872
602488000000,1.55179154873,0.0,0.0,0.0,0.0,-0.441420078278
602488000000,1.65301275253,0.0,0.0,0.0,0.0,-0.612513303757
602588000000,1.78545498848,0.0,0.0,0.0,0.0,-0.396122097969
602688000000,1.91075992584,0.0,0.0,0.0,0.0,-0.165242671967
602788000000,2.0,0.0,0.0,0.0,0.0,0.0
602788000000,1.75630259514,0.0,0.0,0.0,0.0,0.0107444524765
602888000000,1.84396505356,0.0,0.0,0.0,0.0,-0.0402162075043
602988000000,1.78612422943,0.0,0.0,0.0,0.0,-0.396066308022
603088000000,1.53612422943,0.0,0.0,0.0,0.0,-0.396066308022
603188000000,1.53612422943,0.0,0.0,0.0,0.0,-0.0546069145203
603288000000,1.57443356514,0.0,0.0,0.0,0.0,-0.381046414375
603388000000,1.80933380127,0.0,0.0,0.0,0.0,-0.353083968163
603488000000,1.93320083618,0.0,0.0,0.0,0.0,-0.119505643845
603588000000,1.87386751175,0.0,0.0,0.0,0.0,0.233579039574
603688000000,1.74886751175,0.0,0.0,0.0,0.0,0.465060353279
603788000000,1.62386751175,0.0,0.0,0.0,0.0,0.696541786194
603888000000,1.49886751175,0.0,0.0,0.0,0.0,0.928023278713
603988000000,1.37119078636,0.0,0.0,0.0,0.0,1.15454125404
604088000000,1.24567842484,0.0,0.0,0.0,0.0,1.26345443726
604188000000,1.37777733803,0.0,0.0,0.0,0.0,1.15045690536
604288000000,1.26189136505,0.0,0.0,0.0,0.0,1.30717301369
604388000000,1.38377964497,0.0,0.0,0.0,0.0,1.11588382721
604488000000,1.44791352749,0.0,0.0,0.0,0.0,0.948616027832
604588000000,1.57690882683,0.0,0.0,0.0,0.0,0.74517762661
604688000000,1.63591015339,0.0,0.0,0.0,0.0,0.524381518364
604788000000,1.5307585001,0.0,0.0,0.0,0.0,0.512059569359
604888000000,1.60453510284,0.0,0.0,0.0,0.0,0.467797756195
604988000000,1.75404167175,0.0,0.0,0.0,0.0,0.455476045609
605088000000,1.7745064497,0.0,0.0,0.0,0.0,0.417376637459
605188000000,1.8830384016,0.0,0.0,0.0,0.0,0.188533186913
605188000000,1.77827346325,0.0,0.0,0.0,0.0,0.359101176262
605288000000,1.88855922222,0.0,0.0,0.0,0.0,0.194229483604
605388000000,1.76200675964,0.0,0.0,0.0,0.0,0.326579928398
605388000000,1.80729413033,0.0,0.0,0.0,0.0,0.220255732536
605488000000,1.72063672543,0.0,0.0,0.0,0.0,0.509761929512
605588000000,1.72997128963,0.0,0.0,0.0,0.0,0.443259716034
605688000000,1.640832901,0.0,0.0,0.0,0.0,0.605440020561
605788000000,1.64734852314,0.0,0.0,0.0,0.0,0.585182070732
605888000000,1.71462249756,0.0,0.0,0.0,0.0,0.517462849617
605988000000,1.75255167484,0.0,0.0,0.0,0.0,0.45573425293
605988000000,1.75559735298,0.0,0.0,0.0,0.0,0.361729383469
606088000000,1.50559735298,0.0,0.0,0.0,0.0,0.361729383469
606188000000,1.74894750118,0.0,0.0,0.0,0.0,0.369346261024
606288000000,1.80525720119,0.0,0.0,0.0,0.0,0.0108926296234
606388000000,1.7858966589,0.0,0.0,0.0,0.0,0.396165966988
606488000000,1.82853460312,0.0,0.0,0.0,0.0,0.315878033638
606588000000,1.6908326149,0.0,0.0,0.0,0.0,0.518499732018
606688000000,1.60836815834,0.0,0.0,0.0,0.0,0.718014836311
606788000000,1.6886703968,0.0,0.0,0.0,0.0,0.55574965477
606888000000,1.66192722321,0.0,0.0,0.0,0.0,0.609105706215
606988000000,1.57259440422,0.0,0.0,0.0,0.0,0.791490197182
607088000000,1.67929577827,0.0,0.0,0.0,0.0,0.529280543327
607188000000,1.63046336174,0.0,0.0,0.0,0.0,0.681231617928
607288000000,1.73492860794,0.0,0.0,0.0,0.0,0.490867972374
607388000000,1.68516027927,0.0,0.0,0.0,0.0,0.527957081795
607488000000,1.71083128452,0.0,0.0,0.0,0.0,0.461443066597
607588000000,1.71083140373,0.0,0.0,0.0,0.0,-0.00151944160461
607688000000,1.95685970783,0.0,0.0,0.0,0.0,-0.00151944160461
607788000000,1.70806467533,0.0,0.0,0.0,0.0,-0.00267696380615
607888000000,1.92258358002,0.0,0.0,0.0,0.0,0.0629140138626
607888000000,1.83941483498,0.0,0.0,0.0,0.0,0.297212719917
607988000000,1.95425987244,0.0,0.0,0.0,0.0,0.0662704706192
608088000000,1.82446539402,0.0,0.0,0.0,0.0,0.216146707535
608188000000,1.97673726082,0.0,0.0,0.0,0.0,0.035226225853
608288000000,1.98299336433,0.0,0.0,0.0,0.0,0.0299361944199
608388000000,1.85841393471,0.0,0.0,0.0,0.0,0.262196421623
608488000000,1.98280072212,0.0,0.0,0.0,0.0,0.0303876399994
608588000000,2.0,0.0,0.0,0.0,0.0,0.0
608688000000,1.99996471405,0.0,0.0,0.0,0.0,-4.50611114502e-05
608788000000,1.96822428703,0.0,0.0,0.0,0.0,-0.0390393733978
608888000000,1.71822810173,0.0,0.0,0.0,0.0,-0.0390388965607
608988000000,1.93181848526,0.0,0.0,0.0,0.0,-0.0305458307266
609088000000,1.68181848526,0.0,0.0,0.0,0.0,-0.0305458307266
609188000000,1.73523139954,0.0,0.0,0.0,0.0,0.325361967087
609288000000,1.48523139954,0.0,0.0,0.0,0.0,0.325361967087
609388000000,1.73523139954,0.0,0.0,0.0,0.0,0.325361967087
609488000000,1.90476799011,0.0,0.0,0.0,0.0,0.176355719566
609588000000,1.99869394302,0.0,0.0,0.0,0.0,0.00213575363159
609688000000,1.99395895004,0.0,0.0,0.0,0.0,-0.0103603601456
609788000000,1.78150331974,0.0,0.0,0.0,0.0,0.0574001073837
609888000000,1.75025367737,0.0,0.0,0.0,0.0,0.462493300438
609988000000,1.63161611557,0.0,0.0,0.0,0.0,0.682135224342
610088000000,1.74080300331,0.0,0.0,0.0,0.0,0.421370506287
610188000000,1.49080324173,0.0,0.0,0.0,0.0,0.421370625496
610288000000,1.49389386177,0.0,0.0,0.0,0.0,0.875924944878
610388000000,1.49389386177,0.0,0.0,0.0,0.0,0.412961959839
610488000000,1.49389386177,0.0,0.0,0.0,0.0,-0.0500009059906
610588000000,1.51026368141,0.0,0.0,0.0,0.0,0.382010340691
610688000000,1.56775259972,0.0,0.0,0.0,0.0,0.296706795692
610788000000,1.31775259972,0.0,0.0,0.0,0.0,0.296706795692
610888000000,1.36435925961,0.0,0.0,0.0,0.0,-0.00930833816528
610888000000,1.39640378952,0.0,0.0,0.0,0.0,0.388765096664
610988000000,1.62735199928,0.0,0.0,0.0,0.0,0.415572762489
611088000000,1.4458180666,0.0,0.0,0.0,0.0,0.542299985886
611188000000,1.67932319641,0.0,0.0,0.0,0.0,0.567158579826
611288000000,1.53999006748,0.0,0.0,0.0,0.0,0.391705036163
611388000000,1.28999006748,0.0,0.0,0.0,0.0,0.391705155373
611424000000,1.03999018669,0.0,0.0,0.0,0.0,0.391705214977
611456000000,0.789990067482,0.0,0.0,0.0,0.0,0.391705274582
611488000000,0.539990067482,0.0,0.0,0.0,0.0,0.391705274582
611524000000,0.28999003768,0.0,0.0,0.0,0.0,0.391705214977
611556000000,0.125755444169,0.0,0.0,0.0,0.0,0.232880443335
611588000000,0.000755437242333,0.0,0.0,0.0,0.0,0.00139895791654
613688000000,0.000755436718464,0.0,0.0,0.0,0.0,0.464361906052
613788000000,0.000755444169044,0.0,0.0,0.0,0.0,0.92732489109
613888000000,0.000755459070206,0.0,0.0,0.0,0.0,1.39028787613
613988000000,0.000755444169044,0.0,0.0,0.0,0.0,0.92732489109
614088000000,0.250755488873,0.0,0.0,0.0,0.0,0.92732489109
614188000000,0.250755429268,0.0,0.0,0.0,0.0,1.39028787613
614288000000,0.250755488873,0.0,0.0,0.0,0.0,1.85325098038
614388000000,0.000755429267883,0.0,0.0,0.0,0.0,1.85325098038
614488000000,0.250755488873,0.0,0.0,0.0,0.0,1.85325098038
614488000000,0.250755429268,0.0,0.0,0.0,0.0,1.39028787613
614588000000,0.252162247896,0.0,0.0,0.0,0.0,1.83216714859
614688000000,0.208076685667,0.0,0.0,0.0,0.0,1.61628031731
614788000000,0.208076655865,0.0,0.0,0.0,0.0,2.07924318314
614888000000,0.226129055023,0.0,0.0,0.0,0.0,1.64977586269
614988000000,0.29724034667,0.0,0.0,0.0,0.0,1.9717028141
615088000000,0.0472403168678,0.0,0.0,0.0,0.0,1.9717028141
615188000000,0.0316246151924,0.0,0.0,0.0,0.0,1.53769016266
615288000000,0.0586113035679,0.0,0.0,0.0,0.0,1.85453748703
615388000000,0.0586113035679,0.0,0.0,0.0,0.0,1.3915746212
615488000000,0.0612215399742,0.0,0.0,0.0,0.0,1.84970378876
615588000000,0.0612215399742,0.0,0.0,0.0,0.0,2.31266665459
615688000000,0.311124145985,0.0,0.0,0.0,0.0,2.3127014637
615788000000,0.561124145985,0.0,0.0,0.0,0.0,2.3127014637
615888000000,0.777322888374,0.0,0.0,0.0,0.0,2.2501142025
615988000000,0.777322888374,0.0,0.0,0.0,0.0,1.78715133667
616088000000,1.02725636959,0.0,0.0,0.0,0.0,1.78727042675
616188000000,1.05696594715,0.0,0.0,0.0,0.0,1.41020786762
616288000000,1.2683506012,0.0,0.0,0.0,0.0,1.35051465034
616388000000,1.26417565346,0.0,0.0,0.0,0.0,0.895283222198
616488000000,1.36545622349,0.0,0.0,0.0,0.0,1.14951527119
616588000000,1.36928629875,0.0,0.0,0.0,0.0,0.708205938339
616688000000,1.36856579781,0.0,0.0,0.0,0.0,1.16932058334
616788000000,1.39591372013,0.0,0.0,0.0,0.0,0.781157016754
616888000000,1.35848855972,0.0,0.0,0.0,0.0,1.1747405529
616988000000,1.25710511208,0.0,0.0,0.0,0.0,1.37149214745
617088000000,1.34622824192,0.0,0.0,0.0,0.0,1.20745992661
617188000000,1.39105892181,0.0,0.0,0.0,0.0,1.12654900551
617288000000,1.34807515144,0.0,0.0,0.0,0.0,0.970205068588
617388000000,1.53125441074,0.0,0.0,0.0,0.0,0.849047005177
617488000000,1.66138458252,0.0,0.0,0.0,0.0,0.627065777779
617588000000,1.54584443569,0.0,0.0,0.0,0.0,0.811016559601
617688000000,1.63464903831,0.0,0.0,0.0,0.0,0.602229833603
617788000000,1.77170562744,0.0,0.0,0.0,0.0,0.422558426857
617888000000,1.72852325439,0.0,0.0,0.0,0.0,0.0572589635849
617988000000,1.71217799187,0.0,0.0,0.0,0.0,0.382088780403
618088000000,1.71217799187,0.0,0.0,0.0,0.0,-0.0808463096619
618188000000,1.92924427986,0.0,0.0,0.0,0.0,-0.130219221115
618288000000,1.96186089516,0.0,0.0,0.0,0.0,0.0566834211349
618388000000,1.75169742107,0.0,0.0,0.0,0.0,0.130380153656
618488000000,1.87153339386,0.0,0.0,0.0,0.0,-0.0204690694809
618588000000,1.81034088135,0.0,0.0,0.0,0.0,-0.000457644462585
618592000000,1.78504562378,0.0,0.0,0.0,0.0,0.345255494118
618688000000,1.68832206726,0.0,0.0,0.0,0.0,0.576546430588
618788000000,1.59756970406,0.0,0.0,0.0,0.0,0.689815998077
618888000000,1.70601868629,0.0,0.0,0.0,0.0,0.523495197296
618988000000,1.69952249527,0.0,0.0,0.0,0.0,0.44838809967
619088000000,1.82271099091,0.0,0.0,0.0,0.0,0.294436097145
619188000000,1.91653585434,0.0,0.0,0.0,0.0,0.154274344444
619288000000,1.9293282032,0.0,0.0,0.0,0.0,-0.0071747303009
619388000000,1.90428972244,0.0,0.0,0.0,0.0,0.177241444588
619388000000,1.91523599625,0.0,0.0,0.0,0.0,0.156801819801
619488000000,1.80188536644,0.0,0.0,0.0,0.0,0.366878867149
619588000000,1.87830340862,0.0,0.0,0.0,0.0,0.225364089012
619688000000,1.76397609711,0.0,0.0,0.0,0.0,0.391417622566
619788000000,1.77340376377,0.0,0.0,0.0,0.0,0.308296084404
619888000000,1.71984827518,0.0,0.0,0.0,0.0,0.479056596756
619988000000,1.80071163177,0.0,0.0,0.0,0.0,0.213591098785
620088000000,1.83884716034,0.0,0.0,0.0,0.0,0.282035708427
620188000000,1.76140522957,0.0,0.0,0.0,0.0,0.371829986572
620288000000,1.75160884857,0.0,0.0,0.0,0.0,0.390974164009
620388000000,1.85084795952,0.0,0.0,0.0,0.0,0.189198970795
620488000000,1.85834622383,0.0,0.0,0.0,0.0,0.21374130249
620588000000,1.71776866913,0.0,0.0,0.0,0.0,0.318962693214
620588000000,1.89776444435,0.0,0.0,0.0,0.0,0.189325332642
620688000000,1.87963461876,0.0,0.0,0.0,0.0,-0.222899317741
620788000000,1.88968145847,0.0,0.0,0.0,0.0,0.192044615746
620888000000,1.95478701591,0.0,0.0,0.0,0.0,0.077404499054
620988000000,1.94148099422,0.0,0.0,0.0,0.0,0.098974943161
621088000000,1.88771533966,0.0,0.0,0.0,0.0,0.159692764282
621188000000,1.88628768921,0.0,0.0,0.0,0.0,0.102160096169
621288000000,1.80021119118,0.0,0.0,0.0,0.0,-0.0890394449234
621388000000,1.84115791321,0.0,0.0,0.0,0.0,0.173666238785
621488000000,1.73388206959,0.0,0.0,0.0,0.0,0.379871606827
621488000000,1.8202227354,0.0,0.0,0.0,0.0,0.277378678322
621588000000,1.74618780613,0.0,0.0,0.0,0.0,0.46990442276
621688000000,1.76254296303,0.0,0.0,0.0,0.0,0.419620871544
621788000000,1.67277622223,0.0,0.0,0.0,0.0,0.379218935966
621888000000,1.65262985229,0.0,0.0,0.0,0.0,0.591868281364
621988000000,1.63281059265,0.0,0.0,0.0,0.0,0.679980397224
622088000000,1.49410200119,0.0,0.0,0.0,0.0,0.792888462543
622188000000,1.50965631008,0.0,0.0,0.0,0.0,0.907989859581
622288000000,1.58212530613,0.0,0.0,0.0,0.0,0.685575723648
622388000000,1.52372765541,0.0,0.0,0.0,0.0,0.854826688766
622488000000,1.48676300049,0.0,0.0,0.0,0.0,0.71728682518
622588000000,1.67117476463,0.0,0.0,0.0,0.0,0.608857154846
622688000000,1.79042136669,0.0,0.0,0.0,0.0,0.387904524803
622788000000,1.67308855057,0.0,0.0,0.0,0.0,0.605389475822
622888000000,1.7980890274,0.0,0.0,0.0,0.0,0.373909115791
622988000000,1.9230890274,0.0,0.0,0.0,0.0,0.142427682877
623088000000,1.86229395866,0.0,0.0,0.0,0.0,-0.195558547974
623188000000,1.98237538338,0.0,0.0,0.0,0.0,0.0317077636719
623288000000,1.85762667656,0.0,0.0,0.0,0.0,0.263654351234
623388000000,1.82929039001,0.0,0.0,0.0,0.0,0.316129088402
623488000000,1.83967196941,0.0,0.0,0.0,0.0,-0.0699644088745
623588000000,1.80496180058,0.0,0.0,0.0,0.0,0.17861187458
623688000000,1.55496180058,0.0,0.0,0.0,0.0,0.17861199379
623724000000,1.30496191978,0.0,0.0,0.0,0.0,0.17861199379
623756000000,1.05496191978,0.0,0.0,0.0,0.0,0.178612053394
623788000000,0.804961919785,0.0,0.0,0.0,0.0,0.17861199379
623824000000,0.554961919785,0.0,0.0,0.0,0.0,0.17861199379
623856000000,0.30496186018,0.0,0.0,0.0,0.0,0.17861199379
623888000000,0.0757061690092,0.0,0.0,0.0,0.0,0.140196621418
623924000000,0.0,0.0,0.0,0.0,0.0,0.0
626140000000,0.0459221154451,0.0,0.0,0.0,0.0,0.377922058105
626240000000,0.295922130346,0.0,0.0,0.0,0.0,0.377922087908
626340000000,0.295922130346,0.0,0.0,0.0,0.0,0.840885102749
626440000000,0.52131831646,0.0,0.0,0.0,0.0,0.795322716236
626540000000,0.517488002777,0.0,0.0,0.0,0.0,1.25119054317
626640000000,0.728058218956,0.0,0.0,0.0,0.0,1.26377570629
626740000000,0.911002218723,0.0,0.0,0.0,0.0,1.14013421535
626840000000,0.899911940098,0.0,0.0,0.0,0.0,1.56085634232
626940000000,1.14991188049,0.0,0.0,0.0,0.0,1.56085634232
627040000000,0.947113156319,0.0,0.0,0.0,0.0,1.52477514744
627140000000,1.11907613277,0.0,0.0,0.0,0.0,1.55548548698
627240000000,1.23783910275,0.0,0.0,0.0,0.0,1.32771372795
627340000000,1.36760342121,0.0,0.0,0.0,0.0,1.10552358627
627440000000,1.27280235291,0.0,0.0,0.0,0.0,1.26397156715
627540000000,1.23255085945,0.0,0.0,0.0,0.0,1.34282195568
627640000000,1.16373634338,0.0,0.0,0.0,0.0,1.19361686707
627740000000,1.37701010704,0.0,0.0,0.0,0.0,1.12575411797
627840000000,1.35325694084,0.0,0.0,0.0,0.0,0.964647948742
627940000000,1.53948187828,0.0,0.0,0.0,0.0,0.846546173096
628040000000,1.58267974854,0.0,0.0,0.0,0.0,0.7611515522
628140000000,1.68369376659,0.0,0.0,0.0,0.0,0.585706591606
628240000000,1.63068366051,0.0,0.0,0.0,0.0,0.436126232147
628340000000,1.49224662781,0.0,0.0,0.0,0.0,0.642724275589
628440000000,1.6975877285,0.0,0.0,0.0,0.0,0.560022592545
628540000000,1.57268309593,0.0,0.0,0.0,0.0,0.789423704147
628640000000,1.49567615986,0.0,0.0,0.0,0.0,0.930458962917
628740000000,1.4957485199,0.0,0.0,0.0,0.0,0.467765688896
628840000000,1.74568915367,0.0,0.0,0.0,0.0,0.467875123024
628940000000,1.54188156128,0.0,0.0,0.0,0.0,0.508706331253
629040000000,1.70906758308,0.0,0.0,0.0,0.0,0.537733912468
629140000000,1.55745792389,0.0,0.0,0.0,0.0,0.719938158989
629240000000,1.6703338623,0.0,0.0,0.0,0.0,0.610014438629
629340000000,1.5338767767,0.0,0.0,0.0,0.0,0.818404316902
629440000000,1.32393145561,0.0,0.0,0.0,0.0,0.791102826595
629540000000,1.50840067863,0.0,0.0,0.0,0.0,0.724263072014
629640000000,1.63075554371,0.0,0.0,0.0,0.0,0.586443901062
629740000000,1.74784660339,0.0,0.0,0.0,0.0,0.466950178146
629840000000,1.62309384346,0.0,0.0,0.0,0.0,0.697948336601
629940000000,1.52827882767,0.0,0.0,0.0,0.0,0.794567584991
630040000000,1.46430635452,0.0,0.0,0.0,0.0,0.991873443127
630140000000,1.46398735046,0.0,0.0,0.0,0.0,0.992612242699
630240000000,1.42426836491,0.0,0.0,0.0,0.0,1.03614294529
630340000000,1.51419234276,0.0,0.0,0.0,0.0,0.775992751122
630440000000,1.49885201454,0.0,0.0,0.0,0.0,0.912355005741
630540000000,1.35089087486,0.0,0.0,0.0,0.0,1.10131597519
630640000000,1.50213158131,0.0,0.0,0.0,0.0,0.919542312622
630740000000,1.48585760593,0.0,0.0,0.0,0.0,0.817534089088
630840000000,1.39089477062,0.0,0.0,0.0,0.0,1.10229694843
630940000000,1.46705114841,0.0,0.0,0.0,0.0,0.92099404335
631040000000,1.44768989086,0.0,0.0,0.0,0.0,0.96307349205
631140000000,1.49306571484,0.0,0.0,0.0,0.0,0.870203077793
631240000000,1.57586240768,0.0,0.0,0.0,0.0,0.560573339462
631340000000,1.76157617569,0.0,0.0,0.0,0.0,0.441525220871
631440000000,1.63657641411,0.0,0.0,0.0,0.0,0.673006772995
631540000000,1.64070630074,0.0,0.0,0.0,0.0,0.653933167458
631640000000,1.68992352486,0.0,0.0,0.0,0.0,0.446618437767
631740000000,1.84937477112,0.0,0.0,0.0,0.0,0.278935670853
631840000000,1.72569990158,0.0,0.0,0.0,0.0,0.507583737373
631940000000,1.60040009022,0.0,0.0,0.0,0.0,0.738457798958
632040000000,1.68479776382,0.0,0.0,0.0,0.0,0.526559114456
632140000000,1.77794635296,0.0,0.0,0.0,0.0,0.243381142616
632240000000,1.92075657845,0.0,0.0,0.0,0.0,0.0536645650864
632340000000,1.84953117371,0.0,0.0,0.0,0.0,0.277949571609
632440000000,1.91795659065,0.0,0.0,0.0,0.0,0.103938579559
632540000000,1.97594881058,0.0,0.0,0.0,0.0,0.00212454795837
632640000000,1.92843770981,0.0,0.0,0.0,0.0,0.0408638715744
632740000000,1.92464375496,0.0,0.0,0.0,0.0,-0.0206741094589
632840000000,1.94274663925,0.0,0.0,0.0,0.0,-0.0253723859787
632940000000,1.98620629311,0.0,0.0,0.0,0.0,0.0214875936508
633040000000,1.99151802063,0.0,0.0,0.0,0.0,-8.8095664978e-05
633140000000,1.99300050735,0.0,0.0,0.0,0.0,0.0128535032272
633240000000,1.95313620567,0.0,0.0,0.0,0.0,0.0867840051651
633340000000,1.95252537727,0.0,0.0,0.0,0.0,-0.0121698379517
633440000000,1.86038064957,0.0,0.0,0.0,0.0,-0.0153268575668
633540000000,1.96498608589,0.0,0.0,0.0,0.0,-0.00692248344421
633640000000,1.96561026573,0.0,0.0,0.0,0.0,0.0595901012421
633740000000,1.99646472931,0.0,0.0,0.0,0.0,-0.000916123390198
633840000000,1.91195368767,0.0,0.0,0.0,0.0,-0.012251496315
633940000000,1.94910001755,0.0,0.0,0.0,0.0,0.0157624483109
634040000000,1.86110067368,0.0,0.0,0.0,0.0,0.21465921402
634140000000,1.86897957325,0.0,0.0,0.0,0.0,0.203819274902
634240000000,1.98898339272,0.0,0.0,0.0,0.0,-0.0179840326309
634340000000,1.95057058334,0.0,0.0,0.0,0.0,0.0269705057144
634440000000,1.93058347702,0.0,0.0,0.0,0.0,0.0672618150711
634440000000,1.99998307228,0.0,0.0,0.0,0.0,1.84774398804e-05
634540000000,1.9873291254,0.0,0.0,0.0,0.0,0.0111775398254
634640000000,1.85069394112,0.0,0.0,0.0,0.0,0.220968365669
634740000000,1.89936566353,0.0,0.0,0.0,0.0,0.180654406548
634840000000,1.69239580631,0.0,0.0,0.0,0.0,0.101291418076
634940000000,1.9423956871,0.0,0.0,0.0,0.0,0.101291537285
635040000000,1.87354660034,0.0,0.0,0.0,0.0,-0.234173059464
635140000000,1.62356519699,0.0,0.0,0.0,0.0,-0.234204173088
635240000000,1.8276553154,0.0,0.0,0.0,0.0,-0.149966597557
635340000000,1.93998908997,0.0,0.0,0.0,0.0,-0.0207101106644
635440000000,1.98796546459,0.0,0.0,0.0,0.0,0.0120326280594
635540000000,1.94878983498,0.0,0.0,0.0,0.0,0.0835580825806
635640000000,1.88100171089,0.0,0.0,0.0,0.0,0.0719836950302
635740000000,1.89743459225,0.0,0.0,0.0,0.0,0.166714787483
635840000000,1.95878958702,0.0,0.0,0.0,0.0,-0.00708985328674
635940000000,1.99774754047,0.0,0.0,0.0,0.0,-0.00409924983978
636040000000,1.8749806881,0.0,0.0,0.0,0.0,0.23151743412
636140000000,1.85079991817,0.0,0.0,0.0,0.0,-0.014564037323
636240000000,1.66418480873,0.0,0.0,0.0,0.0,-0.0160973072052
636340000000,1.64389038086,0.0,0.0,0.0,0.0,0.29939353466
636440000000,1.85757017136,0.0,0.0,0.0,0.0,0.248561024666
636540000000,1.85758209229,0.0,0.0,0.0,0.0,-0.21436560154
636640000000,1.85548090935,0.0,0.0,0.0,0.0,0.243109345436
636740000000,1.9044752121,0.0,0.0,0.0,0.0,-0.128772735596
636840000000,1.99121665955,0.0,0.0,0.0,0.0,-0.00889587402344
636940000000,2.0,0.0,0.0,0.0,0.0,0.0
637040000000,1.87500023842,0.0,0.0,0.0,0.0,0.231481432915
637140000000,1.70824635029,0.0,0.0,0.0,0.0,0.385640978813
637240000000,1.70824635029,0.0,0.0,0.0,0.0,-0.0773220062256
637340000000,1.64691543579,0.0,0.0,0.0,0.0,0.271549701691
637440000000,1.87513923645,0.0,0.0,0.0,0.0,0.231223464012
637540000000,1.90821242332,0.0,0.0,0.0,0.0,-0.167826414108
637640000000,1.99999892712,0.0,0.0,0.0,0.0,9.53674316406e-07
637740000000,1.78111553192,0.0,0.0,0.0,0.0,-0.0116738080978
637840000000,2.0,0.0,0.0,0.0,0.0,1.19209289551e-07
637940000000,1.875,0.0,0.0,0.0,0.0,0.231481552124
638040000000,1.87458252907,0.0,0.0,0.0,0.0,-0.173940181732
638140000000,1.9800195694,0.0,0.0,0.0,0.0,-0.0309503078461
638240000000,1.99983525276,0.0,0.0,0.0,0.0,0.00030529499054
638340000000,1.90343034267,0.0,0.0,0.0,0.0,0.178506612778
638440000000,1.75090932846,0.0,0.0,0.0,0.0,0.341902494431
638540000000,1.75090932846,0.0,0.0,0.0,0.0,-0.121060371399
638540000000,1.9677683115,0.0,0.0,0.0,0.0,-0.0596883296967
638640000000,1.875,0.0,0.0,0.0,0.0,0.231481432915
638740000000,2.0,0.0,0.0,0.0,0.0,0.0
638840000000,1.89208221436,0.0,0.0,0.0,0.0,-0.199847698212
638940000000,1.71991705894,0.0,0.0,0.0,0.0,-0.257303833961
639040000000,1.46991705894,0.0,0.0,0.0,0.0,-0.257303833961
639140000000,1.21991705894,0.0,0.0,0.0,0.0,-0.257303833961
639176000000,0.969917118549,0.0,0.0,0.0,0.0,-0.257303893566
639208000000,0.719917058945,0.0,0.0,0.0,0.0,-0.257303833961
639240000000,0.469917058945,0.0,0.0,0.0,0.0,-0.257303833961
639276000000,0.219917073846,0.0,0.0,0.0,0.0,-0.257303833961
639308000000,0.0544305704534,0.0,0.0,0.0,0.0,-0.100797355175
639340000000,0.0,0.0,0.0,0.0,0.0,0.0
642692000000,-1.49011611938e-08,0.0,0.0,0.0,0.0,0.462962985039
642792000000,-0.249945431948,0.0,0.0,0.0,0.0,0.463064134121
642892000000,-0.249945431948,0.0,0.0,0.0,0.0,0.92602711916
642992000000,-0.49994546175,0.0,0.0,0.0,0.0,0.92602711916
643092000000,-0.249956130981,0.0,0.0,0.0,0.0,0.926046907902
643192000000,-0.499956130981,0.0,0.0,0.0,0.0,0.926046967506
643292000000,-0.691142737865,0.0,0.0,0.0,0.0,0.860583126545
643392000000,-0.691142737865,0.0,0.0,0.0,0.0,1.32354605198
643492000000,-0.821295499802,0.0,0.0,0.0,0.0,1.5454852581
643592000000,-0.975354373455,0.0,0.0,0.0,0.0,1.36782383919
643692000000,-0.789023756981,0.0,0.0,0.0,0.0,1.4857301712
643792000000,-0.749589383602,0.0,0.0,0.0,0.0,1.87566661835
643792000000,-0.743364691734,0.0,0.0,0.0,0.0,2.32710242271
643892000000,-0.768570899963,0.0,0.0,0.0,0.0,1.92867922783
643992000000,-0.772975564003,0.0,0.0,0.0,0.0,1.52116060257
643992000000,-0.646536886692,0.0,0.0,0.0,0.0,1.57862710953
644092000000,-0.559139192104,0.0,0.0,0.0,0.0,1.2983700037
644192000000,-0.419458568096,0.0,0.0,0.0,0.0,1.25266909599
644292000000,-0.548377156258,0.0,0.0,0.0,0.0,1.4768358469
644292000000,-0.315413892269,0.0,0.0,0.0,0.0,1.5048263073
644392000000,-0.243456274271,0.0,0.0,0.0,0.0,1.81648921967
644492000000,-0.372022539377,0.0,0.0,0.0,0.0,1.93220198154
644492000000,-0.182609647512,0.0,0.0,0.0,0.0,2.04220724106
644592000000,-0.0971369743347,0.0,0.0,0.0,0.0,2.1192483902
644692000000,-0.054230093956,0.0,0.0,0.0,0.0,2.41492819786
644692000000,0.123342871666,0.0,0.0,0.0,0.0,2.49190855026
644792000000,0.315371185541,0.0,0.0,0.0,0.0,2.39161944389
644892000000,0.217554271221,0.0,0.0,0.0,0.0,2.517973423
644992000000,0.210768163204,0.0,0.0,0.0,0.0,2.83777713776
645092000000,0.325164139271,0.0,0.0,0.0,0.0,2.94814443588
645092000000,0.491582512856,0.0,0.0,0.0,0.0,2.79336571693
645192000000,0.408825457096,0.0,0.0,0.0,0.0,2.49510383606
645292000000,0.493213236332,0.0,0.0,0.0,0.0,2.27576828003
645392000000,0.579052448273,0.0,0.0,0.0,0.0,2.04304552078
645492000000,0.712170600891,0.0,0.0,0.0,0.0,1.83637952805
645592000000,0.944780349731,0.0,0.0,0.0,0.0,1.86858379841
645592000000,0.695697426796,0.0,0.0,0.0,0.0,1.86814928055
645692000000,0.945697367191,0.0,0.0,0.0,0.0,1.86814928055
645792000000,0.962513744831,0.0,0.0,0.0,0.0,1.43632781506
645892000000,1.20491337776,0.0,0.0,0.0,0.0,1.44738256931
645992000000,1.33666336536,0.0,0.0,0.0,0.0,1.22840118408
645992000000,1.3066599369,0.0,0.0,0.0,0.0,1.18768501282
646092000000,1.42919564247,0.0,0.0,0.0,0.0,1.05692124367
646192000000,1.50401425362,0.0,0.0,0.0,0.0,0.765057086945
646192000000,1.59181797504,0.0,0.0,0.0,0.0,0.464794635773
646292000000,1.54541444778,0.0,0.0,0.0,0.0,0.841825127602
646392000000,1.6700360775,0.0,0.0,0.0,0.0,0.610581040382
646492000000,1.67003631592,0.0,0.0,0.0,0.0,0.147617936134
646592000000,1.86727595329,0.0,0.0,0.0,0.0,0.245322227478
646592000000,1.74334692955,0.0,0.0,0.0,0.0,0.474905252457
646692000000,1.78016805649,0.0,0.0,0.0,0.0,0.162522315979
646792000000,1.78115844727,0.0,0.0,0.0,0.0,-0.298604488373
646892000000,1.93487143517,0.0,0.0,0.0,0.0,-0.120595097542
646992000000,1.88542449474,0.0,0.0,0.0,0.0,0.198652267456
647092000000,1.92954933643,0.0,0.0,0.0,0.0,0.00751769542694
647092000000,1.98836219311,0.0,0.0,0.0,0.0,-0.0190156698227
647192000000,1.87431609631,0.0,0.0,0.0,0.0,0.232747554779
647292000000,1.98164415359,0.0,0.0,0.0,0.0,0.0136315822601
647392000000,1.99676525593,0.0,0.0,0.0,0.0,-0.00504970550537
647492000000,1.76568746567,0.0,0.0,0.0,0.0,-0.00916540622711
647492000000,1.99938297272,0.0,0.0,0.0,0.0,-0.000688433647156
647592000000,1.81832838058,0.0,0.0,0.0,0.0,-0.127789735794
647692000000,1.82749629021,0.0,0.0,0.0,0.0,-0.193107008934
647692000000,1.81886792183,0.0,0.0,0.0,0.0,-0.16236281395
647792000000,1.9781627655,0.0,0.0,0.0,0.0,-0.0361921787262
647892000000,1.86460030079,0.0,0.0,0.0,0.0,-0.249264836311
647992000000,1.70385682583,0.0,0.0,0.0,0.0,-0.414552688599
648092000000,1.83359313011,0.0,0.0,0.0,0.0,-0.26197206974
648192000000,1.864382267,0.0,0.0,0.0,0.0,-0.223348855972
648192000000,1.9698625803,0.0,0.0,0.0,0.0,-0.0290279388428
648292000000,1.85590863228,0.0,0.0,0.0,0.0,-0.265604972839
648392000000,1.93062794209,0.0,0.0,0.0,0.0,-0.0140949487686
648392000000,1.96491503716,0.0,0.0,0.0,0.0,-0.0263875722885
648492000000,1.85920810699,0.0,0.0,0.0,0.0,-0.0950622558594
648592000000,1.81793522835,0.0,0.0,0.0,0.0,-0.267473697662
648692000000,1.78517615795,0.0,0.0,0.0,0.0,-0.379327178001
648792000000,1.71223902702,0.0,0.0,0.0,0.0,-0.523017644882
648892000000,1.67617726326,0.0,0.0,0.0,0.0,-0.398144125938
648992000000,1.78796386719,0.0,0.0,0.0,0.0,-0.391525387764
649092000000,1.86725831032,0.0,0.0,0.0,0.0,-0.241946101189
649192000000,1.73503541946,0.0,0.0,0.0,0.0,-0.299284338951
649292000000,1.66805028915,0.0,0.0,0.0,0.0,-0.589642643929
649392000000,1.66304016113,0.0,0.0,0.0,0.0,-0.170344829559
649492000000,1.73104143143,0.0,0.0,0.0,0.0,-0.0249522924423
649592000000,1.71178507805,0.0,0.0,0.0,0.0,-0.221747279167
649692000000,1.71178519726,0.0,0.0,0.0,0.0,0.241215586662
649792000000,1.71179699898,0.0,0.0,0.0,0.0,-0.221712708473
649892000000,1.6791741848,0.0,0.0,0.0,0.0,-0.593531012535
649892000000,1.5694797039,0.0,0.0,0.0,0.0,-0.645706534386
649992000000,1.42590618134,0.0,0.0,0.0,0.0,-0.80829834938
650092000000,1.54681634903,0.0,0.0,0.0,0.0,-0.822613954544
650192000000,1.42817091942,0.0,0.0,0.0,0.0,-1.05887818336
650292000000,1.24989724159,0.0,0.0,0.0,0.0,-0.972699701786
650292000000,1.2914288044,0.0,0.0,0.0,0.0,-1.30991625786
650392000000,1.33342695236,0.0,0.0,0.0,0.0,-1.12872469425
650492000000,1.38134646416,0.0,0.0,0.0,0.0,-1.02298569679
650492000000,1.53802454472,0.0,0.0,0.0,0.0,-0.85199368
650592000000,1.34939610958,0.0,0.0,0.0,0.0,-0.796175062656
650692000000,1.57284021378,0.0,0.0,0.0,0.0,-0.779401421547
650792000000,1.65541434288,0.0,0.0,0.0,0.0,-0.631180286407
650792000000,1.72295975685,0.0,0.0,0.0,0.0,-0.513020396233
650892000000,1.84082257748,0.0,0.0,0.0,0.0,-0.292622208595
650992000000,1.96639299393,0.0,0.0,0.0,0.0,-0.06223487854
650992000000,1.84223151207,0.0,0.0,0.0,0.0,-0.292164087296
651092000000,1.85711371899,0.0,0.0,0.0,0.0,0.143233537674
651192000000,1.76488375664,0.0,0.0,0.0,0.0,0.435400366783
651192000000,1.73636555672,0.0,0.0,0.0,0.0,0.0252500772476
651292000000,1.9613058567,0.0,0.0,0.0,0.0,-0.0184308290482
651392000000,1.83565044403,0.0,0.0,0.0,0.0,0.0534456968307
651392000000,1.83518242836,0.0,0.0,0.0,0.0,-0.29468870163
651492000000,1.77872443199,0.0,0.0,0.0,0.0,-0.40700674057
651592000000,1.72155570984,0.0,0.0,0.0,0.0,-0.490872740746
651592000000,1.71131920815,0.0,0.0,0.0,0.0,-0.487007141113
651692000000,1.83301472664,0.0,0.0,0.0,0.0,-0.2505671978
651792000000,1.97307014465,0.0,0.0,0.0,0.0,-0.0485055446625
651792000000,1.84551167488,0.0,0.0,0.0,0.0,-0.24236869812
651892000000,1.82904756069,0.0,0.0,0.0,0.0,-0.287612080574
651992000000,1.76647496223,0.0,0.0,0.0,0.0,-0.432093024254
651992000000,1.70383346081,0.0,0.0,0.0,0.0,-0.414886951447
652092000000,1.66871261597,0.0,0.0,0.0,0.0,-0.613481402397
652192000000,1.79371619225,0.0,0.0,0.0,0.0,-0.382006764412
652292000000,1.84349799156,0.0,0.0,0.0,0.0,-0.188588500023
652392000000,1.87173199654,0.0,0.0,0.0,0.0,-0.223752498627
652492000000,1.97126579285,0.0,0.0,0.0,0.0,-0.0532118082047
652592000000,1.99032640457,0.0,0.0,0.0,0.0,0.0179135799408
652692000000,1.8716366291,0.0,0.0,0.0,0.0,0.133262276649
652692000000,1.87106025219,0.0,0.0,0.0,0.0,-0.158621907234
652792000000,1.97226691246,0.0,0.0,0.0,0.0,-0.0489355325699
652892000000,1.97275424004,0.0,0.0,0.0,0.0,-0.0496047735214
652992000000,1.97800552845,0.0,0.0,0.0,0.0,-0.0266765356064
653092000000,1.87789821625,0.0,0.0,0.0,0.0,-0.226113796234
653192000000,1.75289845467,0.0,0.0,0.0,0.0,-0.457595586777
653292000000,1.87786698341,0.0,0.0,0.0,0.0,-0.226056694984
653292000000,1.75289821625,0.0,0.0,0.0,0.0,-0.457595944405
653392000000,1.65557706356,0.0,0.0,0.0,0.0,-0.633083939552
653492000000,1.68962275982,0.0,0.0,0.0,0.0,-0.23316848278
653592000000,1.87315905094,0.0,0.0,0.0,0.0,-0.16097176075
653692000000,1.98965454102,0.0,0.0,0.0,0.0,0.0190156698227
653692000000,1.99803245068,0.0,0.0,0.0,0.0,0.0026673078537
653792000000,1.98682785034,0.0,0.0,0.0,0.0,0.0193811655045
653892000000,1.90906023979,0.0,0.0,0.0,0.0,0.163495659828
653992000000,1.99390697479,0.0,0.0,0.0,0.0,-0.00292718410492
654092000000,1.81993401051,0.0,0.0,0.0,0.0,-0.130573630333
654192000000,1.82827031612,0.0,0.0,0.0,0.0,0.204710006714
654292000000,1.88392567635,0.0,0.0,0.0,0.0,-0.0323323011398
654392000000,1.88268792629,0.0,0.0,0.0,0.0,0.137911677361
654492000000,1.85173094273,0.0,0.0,0.0,0.0,-0.160970568657
654592000000,1.97562098503,0.0,0.0,0.0,0.0,0.0275381803513
654592000000,1.94774961472,0.0,0.0,0.0,0.0,0.0258506536484
654692000000,1.87220776081,0.0,0.0,0.0,0.0,-0.182960987091
654792000000,1.9940392971,0.0,0.0,0.0,0.0,-0.00058388710022
654792000000,1.95472502708,0.0,0.0,0.0,0.0,0.00916576385498
654892000000,1.95878791809,0.0,0.0,0.0,0.0,0.0737878084183
654992000000,1.97843635082,0.0,0.0,0.0,0.0,-0.0399324893951
655092000000,1.97052288055,0.0,0.0,0.0,0.0,-0.0357012748718
655192000000,1.94319486618,0.0,0.0,0.0,0.0,-0.104621887207
655192000000,1.69319486618,0.0,0.0,0.0,0.0,-0.104622006416
655292000000,1.94315648079,0.0,0.0,0.0,0.0,-0.104619383812
655392000000,1.96079182625,0.0,0.0,0.0,0.0,-0.072580575943
655392000000,1.98163580894,0.0,0.0,0.0,0.0,-0.0170191526413
655492000000,1.96135139465,0.0,0.0,0.0,0.0,-0.0698646306992
655592000000,1.90640413761,0.0,0.0,0.0,0.0,-0.134999275208
655692000000,1.79175233841,0.0,0.0,0.0,0.0,-0.385643959045
655792000000,1.77891528606,0.0,0.0,0.0,0.0,0.0471512079239
655792000000,1.99963068962,0.0,0.0,0.0,0.0,-0.000438928604126
655892000000,1.86470389366,0.0,0.0,0.0,0.0,0.193763971329
655992000000,1.86298513412,0.0,0.0,0.0,0.0,-0.253731012344
656092000000,1.97884607315,0.0,0.0,0.0,0.0,-0.00540626049042
656192000000,1.72886800766,0.0,0.0,0.0,0.0,-0.00539755821228
656292000000,1.72890639305,0.0,0.0,0.0,0.0,0.457487463951
656292000000,1.83535051346,0.0,0.0,0.0,0.0,0.194478034973
656392000000,1.83572483063,0.0,0.0,0.0,0.0,-0.266189813614
656492000000,1.91326749325,0.0,0.0,0.0,0.0,-0.0840643644333
656492000000,1.9656676054,0.0,0.0,0.0,0.0,0.0397409200668
656592000000,1.95166945457,0.0,0.0,0.0,0.0,-0.0292764902115
656692000000,1.96740245819,0.0,0.0,0.0,0.0,-0.0103778839111
656792000000,1.92589151859,0.0,0.0,0.0,0.0,-0.0172934532166
656892000000,1.88334608078,0.0,0.0,0.0,0.0,-0.019619345665
656892000000,1.75481247902,0.0,0.0,0.0,0.0,-0.187324285507
656992000000,1.77296543121,0.0,0.0,0.0,0.0,-0.0761605501175
657092000000,1.94897389412,0.0,0.0,0.0,0.0,-0.0926750898361
657192000000,1.93502092361,0.0,0.0,0.0,0.0,-0.0309122800827
657292000000,1.95632433891,0.0,0.0,0.0,0.0,-0.0116208791733
657392000000,1.90841364861,0.0,0.0,0.0,0.0,-0.167365074158
657492000000,1.95627236366,0.0,0.0,0.0,0.0,-0.0767313241959
657592000000,1.89933919907,0.0,0.0,0.0,0.0,0.00299668312073
657692000000,1.87312471867,0.0,0.0,0.0,0.0,-0.140308976173
657692000000,1.94336628914,0.0,0.0,0.0,0.0,0.0613676309586
657792000000,1.98595809937,0.0,0.0,0.0,0.0,-0.012221455574
657892000000,1.99173116684,0.0,0.0,0.0,0.0,0.0135830640793
657892000000,1.94320416451,0.0,0.0,0.0,0.0,0.0463916063309
657992000000,1.88616812229,0.0,0.0,0.0,0.0,-0.209428191185
658092000000,1.72226762772,0.0,0.0,0.0,0.0,-0.232137560844
658192000000,1.76611447334,0.0,0.0,0.0,0.0,0.139164328575
658292000000,1.8045809269,0.0,0.0,0.0,0.0,-0.190223455429
658392000000,1.88081049919,0.0,0.0,0.0,0.0,-0.108974218369
658492000000,1.96279239655,0.0,0.0,0.0,0.0,-0.0568690299988
658592000000,1.98497247696,0.0,0.0,0.0,0.0,-0.0167121887207
658692000000,1.73497259617,0.0,0.0,0.0,0.0,-0.0167121887207
658792000000,1.96812772751,0.0,0.0,0.0,0.0,0.0131477117538
658792000000,1.86381006241,0.0,0.0,0.0,0.0,-0.243023276329
658892000000,1.93409824371,0.0,0.0,0.0,0.0,-0.108181118965
658992000000,1.68415975571,0.0,0.0,0.0,0.0,-0.108178734779
658992000000,1.9232660532,0.0,0.0,0.0,0.0,-0.128352403641
659092000000,1.7182469368,0.0,0.0,0.0,0.0,-0.201834201813
659192000000,1.89080321789,0.0,0.0,0.0,0.0,-0.189010262489
659192000000,1.91102075577,0.0,0.0,0.0,0.0,-0.125036478043
659292000000,1.87407469749,0.0,0.0,0.0,0.0,-0.233191490173
659392000000,1.79540252686,0.0,0.0,0.0,0.0,-0.302699446678
659392000000,1.71243262291,0.0,0.0,0.0,0.0,-0.302590727806
659492000000,1.88453578949,0.0,0.0,0.0,0.0,-0.1600086689
659592000000,1.98316991329,0.0,0.0,0.0,0.0,-0.00299644470215
659692000000,1.99117088318,0.0,0.0,0.0,0.0,-0.0163499116898
659792000000,1.98488438129,0.0,0.0,0.0,0.0,0.0279655456543
659792000000,1.85826814175,0.0,0.0,0.0,0.0,-0.200522899628
659892000000,1.96917200089,0.0,0.0,0.0,0.0,0.0570225715637
659992000000,1.89780592918,0.0,0.0,0.0,0.0,-0.0971066951752
660092000000,1.93685460091,0.0,0.0,0.0,0.0,-0.0573717355728
660192000000,1.82788968086,0.0,0.0,0.0,0.0,-0.317134976387
660192000000,1.85747480392,0.0,0.0,0.0,0.0,-0.263930082321
660292000000,1.88367319107,0.0,0.0,0.0,0.0,-0.169284343719
660392000000,1.97971701622,0.0,0.0,0.0,0.0,0.00707590579987
660392000000,1.87707471848,0.0,0.0,0.0,0.0,-0.223621606827
660492000000,1.94795691967,0.0,0.0,0.0,0.0,0.0117824077606
660592000000,1.98853826523,0.0,0.0,0.0,0.0,-0.0142924785614
660592000000,1.8654255867,0.0,0.0,0.0,0.0,-0.249065637589
660692000000,1.99046492577,0.0,0.0,0.0,0.0,-0.0176573991776
660792000000,1.99535775185,0.0,0.0,0.0,0.0,-0.00859522819519
660892000000,1.79064536095,0.0,0.0,0.0,0.0,-0.0521289110184
660992000000,1.82693016529,0.0,0.0,0.0,0.0,-0.291747331619
661092000000,1.90940582752,0.0,0.0,0.0,0.0,-0.156095147133
661192000000,1.84687042236,0.0,0.0,0.0,0.0,-0.282701253891
661292000000,1.68123066425,0.0,0.0,0.0,0.0,-0.190876126289
661292000000,1.87717437744,0.0,0.0,0.0,0.0,-0.108040332794
661392000000,1.84526848793,0.0,0.0,0.0,0.0,-0.278317689896
661492000000,1.74168634415,0.0,0.0,0.0,0.0,-0.475193023682
661592000000,1.61754107475,0.0,0.0,0.0,0.0,-0.708257198334
661692000000,1.70965456963,0.0,0.0,0.0,0.0,-0.461907744408
661792000000,1.60263252258,0.0,0.0,0.0,0.0,-0.680172681808
661892000000,1.35263776779,0.0,0.0,0.0,0.0,-0.680164337158
661992000000,1.58398556709,0.0,0.0,0.0,0.0,-0.685528159142
662092000000,1.5889043808,0.0,0.0,0.0,0.0,-0.231753826141
662092000000,1.83787202835,0.0,0.0,0.0,0.0,-0.230734348297
662192000000,1.79597139359,0.0,0.0,0.0,0.0,0.154632210732
662292000000,1.82259249687,0.0,0.0,0.0,0.0,0.32587480545
662292000000,1.81955945492,0.0,0.0,0.0,0.0,-0.0899747610092
662392000000,1.85585212708,0.0,0.0,0.0,0.0,-0.21124792099
662492000000,1.85585212708,0.0,0.0,0.0,0.0,0.251714944839
662592000000,1.98492288589,0.0,0.0,0.0,0.0,0.0278594493866
662692000000,1.98812389374,0.0,0.0,0.0,0.0,-0.000978589057922
662692000000,1.8889131546,0.0,0.0,0.0,0.0,0.0724346637726
662792000000,1.82553768158,0.0,0.0,0.0,0.0,-0.208874583244
662892000000,1.58805012703,0.0,0.0,0.0,0.0,-0.185703516006
662992000000,1.60356009007,0.0,0.0,0.0,0.0,0.236679434776
663092000000,1.68170547485,0.0,0.0,0.0,0.0,0.383528113365
663092000000,1.65442299843,0.0,0.0,0.0,0.0,0.587167024612
663192000000,1.51826763153,0.0,0.0,0.0,0.0,0.408281683922
663292000000,1.71707725525,0.0,0.0,0.0,0.0,0.346079349518
663392000000,1.68403506279,0.0,0.0,0.0,0.0,-0.0114790201187
663392000000,1.57131767273,0.0,0.0,0.0,0.0,-0.161126732826
663492000000,1.57135105133,0.0,0.0,0.0,0.0,0.0394395589828
663592000000,1.82135105133,0.0,0.0,0.0,0.0,0.0394395589828
663692000000,1.57135105133,0.0,0.0,0.0,0.0,0.0394395589828
663792000000,1.57365870476,0.0,0.0,0.0,0.0,-0.416923522949
663792000000,1.57216620445,0.0,0.0,0.0,0.0,-0.771902918816
663892000000,1.65841567516,0.0,0.0,0.0,0.0,-0.616490721703
663992000000,1.5086004734,0.0,0.0,0.0,0.0,-0.61877655983
663992000000,1.56913709641,0.0,0.0,0.0,0.0,-0.796545624733
664092000000,1.57458376884,0.0,0.0,0.0,0.0,-0.787806868553
664192000000,1.37168693542,0.0,0.0,0.0,0.0,-0.869624078274
664192000000,1.37005257607,0.0,0.0,0.0,0.0,-0.884310185909
664292000000,1.50549924374,0.0,0.0,0.0,0.0,-0.817144155502
664392000000,1.40712070465,0.0,0.0,0.0,0.0,-1.09792470932
664392000000,1.46710515022,0.0,0.0,0.0,0.0,-0.981284976006
664492000000,1.46710526943,0.0,0.0,0.0,0.0,-0.518322110176
664592000000,1.46441507339,0.0,0.0,0.0,0.0,-0.926473140717
664592000000,1.58950066566,0.0,0.0,0.0,0.0,-0.729865431786
664692000000,1.65312743187,0.0,0.0,0.0,0.0,-0.642016291618
664792000000,1.76797962189,0.0,0.0,0.0,0.0,-0.427503347397
664892000000,1.51797962189,0.0,0.0,0.0,0.0,-0.427503347397
664928000000,1.26797962189,0.0,0.0,0.0,0.0,-0.427503407001
664960000000,1.01797962189,0.0,0.0,0.0,0.0,-0.427503466606
664992000000,0.767979681492,0.0,0.0,0.0,0.0,-0.427503436804
665028000000,0.517979681492,0.0,0.0,0.0,0.0,-0.427503436804
665060000000,0.26797965169,0.0,0.0,0.0,0.0,-0.427503436804
665092000000,0.124415747821,0.0,0.0,0.0,0.0,-0.230399549007
665128000000,0.0,0.0,0.0,0.0,0.0,0.0
665996000000,0.25,0.0,0.0,0.0,0.0,-1.49011611938e-08
666096000000,0.25,0.0,0.0,0.0,0.0,0.462962955236
666196000000,0.252759754658,0.0,0.0,0.0,0.0,0.920815229416
666296000000,0.252759754658,0.0,0.0,0.0,0.0,1.38377821445
666396000000,0.0492596626282,0.0,0.0,0.0,0.0,1.46988916397
666496000000,0.0492596626282,0.0,0.0,0.0,0.0,1.93285226822
666596000000,0.0492597222328,0.0,0.0,0.0,0.0,2.39581513405
666696000000,0.0647337436676,0.0,0.0,0.0,0.0,2.8301217556
666796000000,0.0449299812317,0.0,0.0,0.0,0.0,3.00000047684
666896000000,0.0306066274643,0.0,0.0,0.0,0.0,3.00000047684
666996000000,0.131222724915,0.0,0.0,0.0,0.0,2.72434997559
667096000000,0.29124635458,0.0,0.0,0.0,0.0,2.55772709846
667196000000,0.0784056782722,0.0,0.0,0.0,0.0,2.48892879486
667296000000,-0.0631684660912,0.0,0.0,0.0,0.0,2.68743085861
667396000000,0.0434891581535,0.0,0.0,0.0,0.0,2.44761753082
667496000000,-0.160634815693,0.0,0.0,0.0,0.0,2.3824338913
667596000000,0.0248261094093,0.0,0.0,0.0,0.0,2.29663944244
667696000000,0.274826139212,0.0,0.0,0.0,0.0,2.29663920403
667796000000,0.0341192483902,0.0,0.0,0.0,0.0,2.31384897232
667896000000,0.0467966794968,0.0,0.0,0.0,0.0,1.87999510765
667996000000,-0.179707437754,0.0,0.0,0.0,0.0,1.85488176346
668096000000,-0.179707467556,0.0,0.0,0.0,0.0,1.39206171036
668196000000,-0.0751186907291,0.0,0.0,0.0,0.0,1.6613394022
668296000000,-0.0751186609268,0.0,0.0,0.0,0.0,2.12430238724
668396000000,0.174881339073,0.0,0.0,0.0,0.0,2.12430238724
668496000000,0.424881368876,0.0,0.0,0.0,0.0,2.12430238724
668596000000,0.560332536697,0.0,0.0,0.0,0.0,2.00362038612
668696000000,0.810332536697,0.0,0.0,0.0,0.0,2.00362038612
668796000000,0.936167895794,0.0,0.0,0.0,0.0,1.97005951405
668896000000,0.935719490051,0.0,0.0,0.0,0.0,1.50792765617
668996000000,0.699592769146,0.0,0.0,0.0,0.0,1.48224377632
669096000000,0.914132714272,0.0,0.0,0.0,0.0,1.41661548615
669196000000,1.13436329365,0.0,0.0,0.0,0.0,1.3857126236
669296000000,1.23312067986,0.0,0.0,0.0,0.0,1.41843783855
669396000000,1.23614394665,0.0,0.0,0.0,0.0,1.13796257973
669496000000,1.32500302792,0.0,0.0,0.0,0.0,1.24992322922
669596000000,1.42148041725,0.0,0.0,0.0,0.0,0.968581736088
669696000000,1.39757430553,0.0,0.0,0.0,0.0,0.885925412178
669796000000,1.57726407051,0.0,0.0,0.0,0.0,0.755723357201
669896000000,1.70958638191,0.0,0.0,0.0,0.0,0.537802457809
669996000000,1.77098083496,0.0,0.0,0.0,0.0,0.372424244881
670096000000,1.52549302578,0.0,0.0,0.0,0.0,0.364080190659
670196000000,1.7063062191,0.0,0.0,0.0,0.0,0.359725594521
670296000000,1.85853123665,0.0,0.0,0.0,0.0,0.179598689079
670396000000,1.94491922855,0.0,0.0,0.0,0.0,-0.0225470066071
670496000000,1.98215174675,0.0,0.0,0.0,0.0,0.0082483291626
670596000000,1.96901059151,0.0,0.0,0.0,0.0,0.0238482952118
670696000000,1.99999785423,0.0,0.0,0.0,0.0,0.0
670796000000,1.8968681097,0.0,0.0,0.0,0.0,0.190985321999
670896000000,1.90058839321,0.0,0.0,0.0,0.0,0.12574505806
670996000000,1.84886336327,0.0,0.0,0.0,0.0,0.207272171974
671096000000,1.82990050316,0.0,0.0,0.0,0.0,0.188483476639
671196000000,1.92457699776,0.0,0.0,0.0,0.0,-0.0256655216217
671296000000,1.80252981186,0.0,0.0,0.0,0.0,0.120051860809
671396000000,1.99364888668,0.0,0.0,0.0,0.0,0.0117542743683
671496000000,1.95502591133,0.0,0.0,0.0,0.0,0.0796586275101
671596000000,1.97320353985,0.0,0.0,0.0,0.0,-0.0439301729202
671696000000,1.97015988827,0.0,0.0,0.0,0.0,-0.0407645702362
671796000000,1.90184509754,0.0,0.0,0.0,0.0,0.122837305069
671896000000,1.98324143887,0.0,0.0,0.0,0.0,0.0302903652191
671996000000,1.95927929878,0.0,0.0,0.0,0.0,0.0500217676163
672096000000,1.90884113312,0.0,0.0,0.0,0.0,-0.0101870298386
672196000000,1.96459317207,0.0,0.0,0.0,0.0,-0.06505382061
672296000000,1.98407578468,0.0,0.0,0.0,0.0,0.0043351650238
672396000000,1.88715600967,0.0,0.0,0.0,0.0,0.196320295334
672496000000,1.87162530422,0.0,0.0,0.0,0.0,-0.237617492676
672596000000,1.66661798954,0.0,0.0,0.0,0.0,-0.154297709465
672696000000,1.91061675549,0.0,0.0,0.0,0.0,-0.164608359337
672796000000,1.97693884373,0.0,0.0,0.0,0.0,0.000328898429871
672896000000,1.88501751423,0.0,0.0,0.0,0.0,0.192354798317
672996000000,1.63501763344,0.0,0.0,0.0,0.0,0.192354917526
673096000000,1.88501048088,0.0,0.0,0.0,0.0,0.192344784737
673196000000,2.0,0.0,0.0,0.0,0.0,0.0
673296000000,1.97824513912,0.0,0.0,0.0,0.0,-0.0156644582748
673396000000,1.93586945534,0.0,0.0,0.0,0.0,-0.0650007724762
673496000000,1.87838196754,0.0,0.0,0.0,0.0,-0.22521841526
673596000000,1.86497664452,0.0,0.0,0.0,0.0,0.168928623199
673696000000,1.9617600441,0.0,0.0,0.0,0.0,0.0708057880402
673796000000,1.9770822525,0.0,0.0,0.0,0.0,-0.0424249172211
673896000000,1.8350918293,0.0,0.0,0.0,0.0,-0.0913653373718
673996000000,1.92396020889,0.0,0.0,0.0,0.0,0.131885886192
674096000000,1.98720705509,0.0,0.0,0.0,0.0,0.0168259143829
674196000000,1.97490715981,0.0,0.0,0.0,0.0,-0.0464667081833
674296000000,1.8844268322,0.0,0.0,0.0,0.0,0.195217251778
674396000000,1.96968197823,0.0,0.0,0.0,0.0,-0.034859418869
674496000000,1.95566260815,0.0,0.0,0.0,0.0,0.0787571668625
674596000000,1.94705653191,0.0,0.0,0.0,0.0,0.0111002922058
674696000000,1.91811704636,0.0,0.0,0.0,0.0,0.150473713875
674796000000,1.9341173172,0.0,0.0,0.0,0.0,0.107735037804
674896000000,1.99467492104,0.0,0.0,0.0,0.0,0.00313007831573
674996000000,1.94076538086,0.0,0.0,0.0,0.0,0.109659910202
675096000000,1.92644309998,0.0,0.0,0.0,0.0,-0.135619997978
675196000000,1.9756436348,0.0,0.0,0.0,0.0,0.0429795980453
675296000000,1.90230989456,0.0,0.0,0.0,0.0,0.0850608348846
675396000000,1.9174182415,0.0,0.0,0.0,0.0,0.110410928726
675496000000,1.90890860558,0.0,0.0,0.0,0.0,0.136787295341
675596000000,1.98338413239,0.0,0.0,0.0,0.0,0.0285170078278
675696000000,1.92711591721,0.0,0.0,0.0,0.0,0.119572281837
675796000000,1.95119261742,0.0,0.0,0.0,0.0,0.0727430582047
675896000000,1.76626944542,0.0,0.0,0.0,0.0,0.0605701208115
675996000000,1.89799141884,0.0,0.0,0.0,0.0,0.181841254234
675996000000,1.8730931282,0.0,0.0,0.0,0.0,-0.235013127327
676096000000,1.99809288979,0.0,0.0,0.0,0.0,-0.00353157520294
676196000000,1.98653054237,0.0,0.0,0.0,0.0,-0.00792729854584
676296000000,1.98175263405,0.0,0.0,0.0,0.0,-0.0337908267975
676396000000,1.94275605679,0.0,0.0,0.0,0.0,-0.105961918831
676496000000,1.995677948,0.0,0.0,0.0,0.0,-0.00800395011902
676596000000,1.870677948,0.0,0.0,0.0,0.0,-0.239485383034
676696000000,1.97141504288,0.0,0.0,0.0,0.0,0.0364700555801
676796000000,1.85605120659,0.0,0.0,0.0,0.0,-0.210995197296
676896000000,1.9857224226,0.0,0.0,0.0,0.0,0.0118232965469
676996000000,1.91406822205,0.0,0.0,0.0,0.0,-0.0331416130066
677096000000,1.99999725819,0.0,0.0,0.0,0.0,-5.48362731934e-06
677196000000,1.9561624527,0.0,0.0,0.0,0.0,0.0731983184814
677296000000,1.85665035248,0.0,0.0,0.0,0.0,0.211332082748
677396000000,1.92229628563,0.0,0.0,0.0,0.0,0.135827660561
677496000000,1.93504750729,0.0,0.0,0.0,0.0,-0.0538989305496
677596000000,1.99889683723,0.0,0.0,0.0,0.0,-0.00204277038574
677696000000,1.94338607788,0.0,0.0,0.0,0.0,-0.0274003744125
677796000000,1.99392557144,0.0,0.0,0.0,0.0,-9.56058502197e-05
677896000000,1.91532874107,0.0,0.0,0.0,0.0,-0.0460076332092
677996000000,1.99565625191,0.0,0.0,0.0,0.0,-0.000871658325195
678096000000,1.99404346943,0.0,0.0,0.0,0.0,-0.00958645343781
678196000000,1.98352742195,0.0,0.0,0.0,0.0,-0.0303370952606
678296000000,1.99288249016,0.0,0.0,0.0,0.0,-0.0131802558899
678396000000,1.99999332428,0.0,0.0,0.0,0.0,-9.65595245361e-06
678496000000,1.8753619194,0.0,0.0,0.0,0.0,-0.230811595917
678596000000,1.96341371536,0.0,0.0,0.0,0.0,0.0498017072678
678696000000,1.93482387066,0.0,0.0,0.0,0.0,0.049543261528
678796000000,1.8354793787,0.0,0.0,0.0,0.0,0.0431270599365
678896000000,1.81174635887,0.0,0.0,0.0,0.0,0.344950199127
678996000000,1.67373538017,0.0,0.0,0.0,0.0,0.430145263672
679096000000,1.76684260368,0.0,0.0,0.0,0.0,0.139654874802
679196000000,1.92742109299,0.0,0.0,0.0,0.0,0.132056236267
679296000000,1.87285900116,0.0,0.0,0.0,0.0,-0.13144338131
679396000000,1.80401802063,0.0,0.0,0.0,0.0,0.0323002338409
679496000000,1.94335496426,0.0,0.0,0.0,0.0,0.0912570953369
679596000000,1.96742081642,0.0,0.0,0.0,0.0,0.0599449872971
679696000000,1.97299301624,0.0,0.0,0.0,0.0,-0.0500129461288
679796000000,1.90366506577,0.0,0.0,0.0,0.0,-0.178289294243
679896000000,1.92431044579,0.0,0.0,0.0,0.0,-0.111227631569
679996000000,1.99969959259,0.0,0.0,0.0,0.0,0.000555872917175
680096000000,1.77161622047,0.0,0.0,0.0,0.0,-0.0398132801056
680196000000,1.94110774994,0.0,0.0,0.0,0.0,0.00901758670807
680296000000,1.96425271034,0.0,0.0,0.0,0.0,-0.0352909564972
680396000000,2.0,0.0,0.0,0.0,0.0,0.0
680496000000,1.80307769775,0.0,0.0,0.0,0.0,0.0689133405685
680596000000,1.827216506,0.0,0.0,0.0,0.0,-0.319262862206
680696000000,1.84462332726,0.0,0.0,0.0,0.0,0.00636160373688
680796000000,2.0,0.0,0.0,0.0,0.0,0.0
680896000000,1.97360122204,0.0,0.0,0.0,0.0,-0.0411795377731
680996000000,1.98071527481,0.0,0.0,0.0,0.0,-0.0308302640915
681096000000,1.8872320652,0.0,0.0,0.0,0.0,-0.14467716217
681196000000,1.7765789032,0.0,0.0,0.0,0.0,-0.374433159828
681296000000,1.69149708748,0.0,0.0,0.0,0.0,-0.120949864388
681396000000,1.88750195503,0.0,0.0,0.0,0.0,-0.0381240844727
681496000000,1.89727878571,0.0,0.0,0.0,0.0,0.189542889595
681596000000,1.94067454338,0.0,0.0,0.0,0.0,-0.107990264893
681696000000,1.89550960064,0.0,0.0,0.0,0.0,0.069894194603
681796000000,1.94955050945,0.0,0.0,0.0,0.0,-0.0934218168259
681896000000,1.76500320435,0.0,0.0,0.0,0.0,-0.02303814888
681996000000,1.76507163048,0.0,0.0,0.0,0.0,0.432344675064
682096000000,1.8612909317,0.0,0.0,0.0,0.0,0.227144837379
682196000000,1.97926282883,0.0,0.0,0.0,0.0,0.0383105278015
682296000000,1.82496976852,0.0,0.0,0.0,0.0,-0.137815594673
682396000000,1.97069954872,0.0,0.0,0.0,0.0,0.0540585517883
682496000000,1.84940481186,0.0,0.0,0.0,0.0,-0.179876327515
682596000000,1.9460927248,0.0,0.0,0.0,0.0,0.036528468132
682696000000,1.9084956646,0.0,0.0,0.0,0.0,-0.077655673027
682796000000,1.97540020943,0.0,0.0,0.0,0.0,-0.0442998409271
682896000000,1.85788202286,0.0,0.0,0.0,0.0,0.180368304253
682996000000,1.85337173939,0.0,0.0,0.0,0.0,-0.198472619057
683096000000,1.96091210842,0.0,0.0,0.0,0.0,-0.0531194210052
683196000000,1.8153181076,0.0,0.0,0.0,0.0,-0.18541264534
683296000000,1.89820075035,0.0,0.0,0.0,0.0,-0.0408773422241
683396000000,1.95407533646,0.0,0.0,0.0,0.0,0.0390939712524
683496000000,1.99556493759,0.0,0.0,0.0,0.0,-0.00758981704712
683596000000,1.87930965424,0.0,0.0,0.0,0.0,-0.10178565979
683696000000,2.0,0.0,0.0,0.0,0.0,0.0
683796000000,1.88929545879,0.0,0.0,0.0,0.0,-0.204073190689
683896000000,1.68116736412,0.0,0.0,0.0,0.0,-0.181609749794
683996000000,1.89075708389,0.0,0.0,0.0,0.0,-0.201129674911
684096000000,1.98514831066,0.0,0.0,0.0,0.0,-0.0250535011292
684196000000,1.91865229607,0.0,0.0,0.0,0.0,0.0537047386169
684296000000,1.99448859692,0.0,0.0,0.0,0.0,-0.0102066993713
684396000000,1.88938319683,0.0,0.0,0.0,0.0,-0.204846382141
684496000000,1.90153849125,0.0,0.0,0.0,0.0,-0.146582007408
684596000000,1.77641439438,0.0,0.0,0.0,0.0,-0.236193060875
684696000000,1.77641439438,0.0,0.0,0.0,0.0,0.226769447327
684796000000,1.86553859711,0.0,0.0,0.0,0.0,0.249002456665
684896000000,1.76057839394,0.0,0.0,0.0,0.0,0.408645391464
684996000000,1.64495491982,0.0,0.0,0.0,0.0,0.657490849495
685096000000,1.64493966103,0.0,0.0,0.0,0.0,0.194613933563
685196000000,1.82792127132,0.0,0.0,0.0,0.0,0.270462036133
685296000000,1.63383972645,0.0,0.0,0.0,0.0,0.321387410164
685396000000,1.46950364113,0.0,0.0,0.0,0.0,0.434947252274
685496000000,1.47056889534,0.0,0.0,0.0,0.0,-0.0260425806046
685596000000,1.47056889534,0.0,0.0,0.0,0.0,-0.489005446434
685696000000,1.62015175819,0.0,0.0,0.0,0.0,-0.318555355072
685796000000,1.59906601906,0.0,0.0,0.0,0.0,-0.742470502853
685896000000,1.68442666531,0.0,0.0,0.0,0.0,-0.48192346096
685996000000,1.81051373482,0.0,0.0,0.0,0.0,-0.252455115318
686096000000,1.61713731289,0.0,0.0,0.0,0.0,-0.152825117111
686196000000,1.41979074478,0.0,0.0,0.0,0.0,-0.0553187131882
686296000000,1.6697909832,0.0,0.0,0.0,0.0,-0.0553188323975
686396000000,1.68028664589,0.0,0.0,0.0,0.0,-0.498845219612
686496000000,1.67981719971,0.0,0.0,0.0,0.0,-0.0370278358459
686596000000,1.92775738239,0.0,0.0,0.0,0.0,-0.0332139730453
686596000000,1.97232913971,0.0,0.0,0.0,0.0,-0.0498815774918
686696000000,2.0,0.0,0.0,0.0,0.0,0.0
686796000000,1.82242262363,0.0,0.0,0.0,0.0,0.134115815163
686896000000,1.57750058174,0.0,0.0,0.0,0.0,0.140892505646
686996000000,1.32750058174,0.0,0.0,0.0,0.0,0.140892505646
687028000000,1.07750058174,0.0,0.0,0.0,0.0,0.14089256525
687064000000,0.827500581741,0.0,0.0,0.0,0.0,0.140892505646
687096000000,0.577500462532,0.0,0.0,0.0,0.0,0.140892535448
687128000000,0.327500522137,0.0,0.0,0.0,0.0,0.140892520547
687164000000,0.0775004997849,0.0,0.0,0.0,0.0,0.140892520547
687196000000,0.0,0.0,0.0,0.0,0.0,0.0
